s_2,s_3,s_4,s_7,s_8,s_9,s_11,s_12,s_13,s_14,s_15,s_17,s_20,s_21,target
641.45,1584.97,1403.54,554.03,2388.04,9045.69,47.14,522.16,2388.04,8138.15,8.4176,391,39.03,23.4268,0
641.91,1585.83,1391.52,553.94,2388.0,9051.58,47.09,522.57,2388.04,8131.69,8.4065,391,38.91,23.4477,0
642.31,1583.02,1391.45,554.77,2388.0,9054.41,47.2,522.43,2387.97,8133.87,8.4208,392,38.98,23.3427,0
642.06,1582.3,1397.75,553.68,2387.99,9055.6,47.12,522.68,2388.01,8133.59,8.4243,391,39.26,23.3652,0
642.6,1582.62,1396.72,554.65,2388.0,9059.35,47.24,522.33,2388.0,8136.3,8.4098,392,39.07,23.3555,0
642.87,1585.17,1406.47,554.09,2388.02,9055.45,47.3,522.4,2388.03,8138.16,8.4232,392,39.13,23.4456,0
641.9,1585.31,1401.18,554.33,2388.04,9056.2,47.27,522.15,2387.97,8136.85,8.4159,390,39.07,23.3456,0
641.58,1583.52,1397.37,554.06,2388.01,9062.02,46.98,522.5,2388.06,8141.32,8.3716,393,39.07,23.5032,0
642.24,1580.87,1399.52,554.01,2388.01,9058.97,47.36,522.73,2388.03,8140.17,8.4148,391,39.01,23.2903,0
641.58,1581.59,1396.5,554.28,2388.01,9052.42,47.29,522.16,2388.04,8134.86,8.3841,392,38.98,23.4059,0
642.57,1587.18,1396.91,554.44,2388.0,9059.15,47.35,522.21,2388.04,8137.01,8.3775,392,39.07,23.4153,0
642.34,1581.22,1402.89,554.3,2388.03,9058.81,47.41,522.45,2388.02,8134.67,8.4042,392,39.02,23.3972,0
642.23,1590.76,1397.76,554.41,2388.04,9050.19,47.15,522.55,2388.01,8135.89,8.3836,391,39.13,23.4409,0
641.99,1586.08,1399.45,554.51,2388.03,9049.92,47.33,522.23,2388.01,8138.94,8.3853,392,39.02,23.4582,0
641.87,1586.0,1401.48,555.0,2388.05,9056.49,47.09,522.58,2387.98,8136.84,8.371,392,39.09,23.4204,0
642.16,1578.15,1395.89,554.47,2388.02,9050.11,47.23,522.12,2388.01,8140.24,8.4177,391,39.1,23.3878,0
642.07,1587.17,1398.38,554.45,2388.05,9057.38,47.31,522.06,2388.02,8143.07,8.424,390,39.08,23.4645,0
642.42,1579.29,1400.17,554.0,2388.05,9046.8,47.24,522.43,2388.06,8139.86,8.4318,392,39.04,23.3001,0
642.83,1580.3,1397.26,554.61,2388.03,9057.05,47.14,522.08,2388.03,8132.62,8.3891,391,39.1,23.4014,0
641.89,1586.02,1394.03,554.35,2388.0,9054.58,47.14,522.31,2387.99,8134.15,8.4024,394,39.0,23.3953,0
642.07,1586.2,1401.36,554.14,2388.02,9060.7,47.12,522.18,2388.01,8140.6,8.3917,391,38.92,23.5067,0
642.07,1584.22,1401.09,554.43,2388.02,9046.6,47.24,522.55,2388.02,8138.24,8.4076,393,39.17,23.3422,0
641.7,1587.69,1402.39,554.05,2388.08,9057.12,47.37,522.1,2388.06,8137.57,8.3769,391,38.85,23.4556,0
642.36,1583.99,1402.98,554.71,2388.02,9051.97,47.43,522.36,2388.0,8141.95,8.4003,391,39.17,23.521,0
641.5,1582.71,1399.59,553.76,2388.02,9048.42,47.46,522.09,2388.0,8130.71,8.4176,393,39.09,23.3125,0
641.33,1578.11,1395.35,554.74,2388.02,9056.53,47.28,522.42,2388.04,8140.16,8.4254,392,38.99,23.3278,0
642.14,1590.56,1393.56,554.06,2388.07,9057.91,47.25,522.09,2388.05,8139.21,8.4473,392,39.07,23.3063,0
642.22,1591.15,1401.26,553.76,2388.04,9052.57,47.25,522.52,2388.0,8136.14,8.3858,391,38.96,23.3464,0
641.61,1587.39,1399.4,553.98,2387.96,9050.46,47.31,522.33,2387.95,8136.2,8.4139,394,38.85,23.4877,0
642.12,1574.46,1397.69,554.67,2387.98,9050.04,47.36,522.78,2387.99,8137.47,8.4349,391,39.05,23.3792,0
642.9,1592.46,1403.2,554.6,2388.08,9057.57,47.19,522.59,2388.04,8138.78,8.3896,391,39.11,23.3661,0
642.65,1584.16,1397.52,554.55,2388.0,9064.76,47.4,522.57,2388.04,8134.58,8.389,393,39.2,23.3325,0
642.12,1588.77,1395.26,554.4,2387.99,9060.49,47.26,522.08,2388.03,8137.73,8.4192,393,39.06,23.2875,0
642.37,1585.87,1399.86,554.37,2388.01,9052.03,47.18,522.08,2388.08,8136.19,8.3971,392,39.09,23.2944,0
642.25,1581.7,1402.28,554.38,2388.04,9055.87,47.24,522.33,2388.05,8139.74,8.4052,392,39.03,23.4292,0
642.17,1581.84,1404.44,554.33,2388.01,9062.03,47.21,522.19,2388.05,8131.8,8.4202,394,38.94,23.4191,0
642.88,1579.57,1397.17,554.32,2388.0,9058.17,47.13,522.26,2388.03,8132.86,8.3918,390,39.04,23.4212,0
642.51,1589.91,1393.86,554.34,2388.09,9057.99,47.3,522.41,2387.98,8135.79,8.3661,393,39.02,23.2672,0
642.06,1589.72,1404.57,554.89,2388.0,9051.19,47.27,522.23,2388.04,8141.6,8.3903,392,38.86,23.4111,0
642.38,1582.75,1394.98,553.99,2388.04,9048.74,47.3,521.93,2388.04,8144.38,8.4446,392,39.0,23.3379,0
642.02,1588.22,1399.56,553.9,2388.04,9048.36,47.36,521.89,2388.08,8135.15,8.3798,392,38.86,23.33,0
642.01,1576.0,1392.25,554.34,2388.02,9055.64,47.37,522.66,2387.98,8135.32,8.3954,390,38.86,23.4259,0
642.32,1577.23,1397.47,553.93,2388.06,9060.71,47.11,522.23,2388.0,8141.1,8.4499,391,38.99,23.2497,0
642.52,1579.68,1404.68,554.75,2388.03,9057.07,47.19,521.88,2388.0,8140.58,8.4273,392,39.01,23.2466,0
642.16,1578.91,1402.7,554.07,2388.05,9056.63,47.3,522.32,2388.05,8136.08,8.3889,392,39.05,23.4122,0
642.05,1583.88,1393.56,554.41,2388.01,9050.78,47.19,522.41,2388.04,8138.47,8.4082,392,38.99,23.3624,0
641.73,1585.66,1406.74,553.97,2388.01,9062.01,47.3,521.82,2388.0,8136.57,8.4334,392,38.96,23.277,0
642.12,1584.42,1408.87,554.83,2388.03,9059.21,47.13,521.66,2388.04,8135.57,8.3749,392,39.0,23.4509,0
642.49,1590.79,1396.52,554.41,2387.98,9058.83,47.25,521.89,2388.05,8139.67,8.4217,391,38.9,23.5136,0
642.39,1590.98,1395.71,553.52,2387.99,9058.19,47.39,522.69,2388.02,8139.96,8.3908,391,38.97,23.372,0
641.94,1588.61,1397.85,553.84,2388.02,9051.34,47.32,521.59,2388.05,8138.73,8.4025,390,39.0,23.2788,0
642.02,1582.15,1396.13,554.81,2388.05,9042.97,47.34,521.13,2388.05,8138.62,8.3913,392,39.04,23.3747,0
642.28,1587.95,1404.65,554.58,2388.0,9059.91,47.29,521.82,2387.97,8138.43,8.4049,392,39.07,23.3149,0
642.58,1590.21,1395.47,554.65,2388.06,9051.34,47.28,522.19,2388.05,8133.45,8.4177,392,38.94,23.3906,0
642.66,1587.33,1398.12,554.33,2388.09,9051.0,47.25,521.65,2388.03,8137.57,8.433,391,38.92,23.3412,0
642.32,1586.76,1398.33,554.62,2388.04,9053.52,47.24,522.04,2388.03,8133.58,8.4244,391,39.03,23.3275,0
642.31,1587.55,1399.32,554.3,2388.01,9055.29,47.33,522.13,2388.02,8135.89,8.3834,392,38.91,23.3388,0
642.32,1584.71,1398.09,554.16,2388.07,9052.1,47.3,522.27,2388.03,8136.07,8.3994,391,39.05,23.3559,0
642.23,1586.7,1399.5,554.57,2388.11,9057.26,47.34,521.89,2388.06,8134.15,8.3957,393,38.97,23.282,0
642.73,1590.24,1405.31,555.09,2388.13,9055.68,47.13,521.91,2388.04,8138.23,8.3772,391,39.0,23.4601,0
642.18,1589.92,1399.38,554.68,2388.06,9052.26,47.25,521.9,2387.99,8133.32,8.4383,393,39.0,23.302,0
641.78,1587.86,1402.19,553.44,2388.04,9049.28,47.37,522.2,2388.01,8136.81,8.415,392,39.02,23.3331,0
642.33,1588.02,1404.39,554.09,2388.02,9053.42,47.39,522.02,2388.07,8140.59,8.4025,392,39.23,23.3367,0
642.23,1585.36,1404.41,553.44,2388.1,9052.87,47.39,522.08,2388.04,8133.4,8.4029,393,38.86,23.4146,0
642.24,1588.28,1399.8,553.78,2388.01,9057.28,47.17,522.16,2388.04,8140.65,8.4089,393,39.14,23.3247,0
642.17,1588.47,1396.92,555.14,2388.06,9054.45,47.24,521.96,2388.07,8134.4,8.4001,391,39.0,23.4363,0
642.25,1586.85,1406.96,553.99,2388.04,9047.6,47.28,522.09,2388.05,8134.15,8.3834,391,38.92,23.4605,0
641.73,1585.31,1400.57,554.1,2388.0,9053.61,47.44,522.68,2388.04,8139.17,8.4454,392,38.81,23.3417,0
642.46,1585.79,1400.41,554.07,2388.08,9050.11,47.45,522.25,2388.02,8136.25,8.4169,392,39.05,23.4,0
642.11,1586.98,1402.42,554.02,2388.07,9057.08,47.24,522.12,2388.06,8136.05,8.4479,392,38.93,23.3624,0
642.06,1589.44,1406.32,553.43,2388.04,9053.93,47.45,521.68,2388.02,8140.15,8.426,391,38.97,23.4172,0
642.2,1580.3,1399.63,554.17,2388.06,9055.88,47.25,521.9,2387.95,8138.84,8.4216,391,38.98,23.3393,0
642.52,1590.43,1405.14,553.47,2388.06,9052.05,47.23,521.43,2388.03,8134.96,8.4099,393,38.92,23.4772,0
642.2,1583.89,1402.46,553.31,2388.02,9054.94,47.27,522.09,2388.02,8139.59,8.3798,392,38.87,23.3821,0
642.43,1585.06,1397.98,554.69,2388.01,9049.58,47.46,521.84,2388.08,8133.88,8.4052,393,39.18,23.5008,0
642.37,1586.32,1409.55,554.39,2388.07,9049.64,47.17,522.16,2388.06,8136.14,8.3721,390,38.9,23.3823,0
642.55,1588.36,1400.17,553.87,2388.07,9063.58,47.46,522.11,2388.08,8135.12,8.409,392,38.96,23.3704,0
642.63,1584.23,1401.12,553.73,2388.05,9060.73,47.25,522.16,2388.07,8141.63,8.4407,391,39.03,23.4205,0
642.09,1588.54,1403.83,554.7,2388.06,9048.29,47.26,521.71,2388.08,8134.98,8.4109,392,39.0,23.2943,0
641.86,1586.88,1400.9,554.04,2388.07,9058.33,47.24,521.95,2388.03,8135.76,8.4311,392,39.04,23.3896,0
642.3,1582.73,1404.43,554.43,2388.03,9051.48,47.24,521.52,2388.02,8132.67,8.4522,393,39.03,23.4095,0
642.06,1582.45,1401.48,554.5,2388.07,9057.16,47.45,522.25,2387.99,8139.69,8.4125,392,38.87,23.3991,0
642.21,1578.77,1408.2,553.91,2388.1,9052.41,47.19,522.26,2388.02,8136.45,8.4083,392,38.95,23.2647,0
642.87,1589.73,1401.77,554.08,2388.07,9055.61,47.38,521.98,2388.03,8132.53,8.3872,392,39.07,23.3389,0
642.27,1581.92,1403.32,554.07,2388.05,9052.92,47.42,522.22,2388.04,8135.94,8.4388,390,38.84,23.3346,0
641.98,1582.06,1399.16,554.08,2388.02,9052.91,47.35,522.13,2388.05,8136.94,8.3883,393,39.05,23.3805,0
642.04,1584.51,1406.12,554.48,2388.07,9052.38,47.34,521.56,2388.12,8133.6,8.4145,393,38.91,23.3726,0
642.2,1580.8,1402.32,554.01,2388.03,9051.35,47.37,522.12,2388.01,8132.23,8.434,390,38.86,23.3379,0
642.28,1585.34,1398.11,554.05,2387.98,9055.49,47.43,521.98,2388.04,8136.3,8.4416,392,38.9,23.4631,0
642.52,1585.86,1409.21,554.28,2388.15,9053.39,47.29,521.78,2388.04,8140.85,8.415,392,38.83,23.3784,0
642.65,1585.48,1403.34,553.15,2388.07,9053.11,47.37,521.96,2388.1,8139.08,8.4127,394,38.9,23.3868,0
642.04,1585.57,1399.98,553.75,2388.05,9054.37,47.4,522.29,2388.01,8137.54,8.4147,392,38.95,23.373,0
642.08,1583.97,1411.24,554.01,2388.07,9061.51,47.31,521.93,2388.11,8129.21,8.4031,393,38.97,23.3593,0
642.58,1590.24,1403.07,553.38,2388.07,9053.88,47.31,521.57,2388.1,8135.62,8.4139,391,39.03,23.4087,0
642.75,1588.29,1405.36,553.75,2388.02,9052.99,47.41,522.08,2388.06,8141.39,8.394,392,38.91,23.4169,0
641.92,1587.56,1408.64,553.69,2388.05,9053.49,47.36,521.55,2388.09,8141.47,8.4025,394,38.8,23.3443,0
642.16,1587.85,1403.45,554.54,2388.05,9055.75,47.47,521.63,2388.14,8135.53,8.4156,393,39.0,23.3487,0
642.32,1586.97,1407.02,552.94,2388.12,9053.43,47.3,521.69,2388.12,8132.33,8.4214,394,38.78,23.2726,0
642.5,1591.84,1400.5,553.72,2388.07,9051.93,47.42,521.95,2388.1,8132.82,8.4199,392,38.93,23.416,0
642.67,1588.77,1404.07,553.81,2388.04,9056.54,47.46,521.21,2388.08,8139.97,8.4394,392,39.11,23.322,0
642.47,1585.17,1403.23,553.78,2388.17,9051.81,47.36,522.43,2388.06,8135.66,8.4087,393,38.98,23.4039,0
643.17,1582.12,1402.84,553.44,2388.07,9064.11,47.33,521.9,2388.11,8136.75,8.4451,394,38.84,23.2177,0
642.13,1584.44,1399.44,553.9,2388.04,9053.47,47.33,522.32,2388.04,8139.43,8.428,392,38.97,23.334,0
642.71,1583.89,1393.69,553.58,2388.05,9055.71,47.46,521.99,2388.05,8135.62,8.4104,393,38.87,23.3845,0
642.5,1577.56,1401.69,553.51,2388.11,9056.0,47.42,522.31,2388.03,8130.49,8.4132,392,38.82,23.3068,0
642.39,1585.15,1405.57,554.06,2388.12,9051.01,47.48,521.82,2388.15,8136.95,8.414,392,38.81,23.3585,0
642.69,1583.95,1406.2,553.74,2388.04,9051.36,47.35,521.68,2388.07,8135.43,8.4402,392,38.92,23.4649,0
642.1,1591.24,1405.65,553.09,2388.08,9053.42,47.4,521.6,2388.08,8132.36,8.426,391,38.73,23.3867,0
642.76,1592.55,1404.41,554.03,2388.13,9050.77,47.41,521.58,2388.13,8134.51,8.4383,391,38.97,23.3763,0
642.22,1580.76,1404.92,554.57,2388.09,9053.86,47.48,521.86,2388.1,8132.32,8.4103,392,38.96,23.374,0
642.21,1590.18,1398.6,553.35,2388.09,9055.43,47.27,521.47,2388.03,8136.14,8.3923,391,38.99,23.3109,0
642.8,1587.91,1405.41,553.21,2388.12,9058.88,47.28,521.4,2388.14,8134.68,8.4353,394,38.88,23.2303,0
641.59,1584.45,1403.74,553.57,2388.06,9051.32,47.54,521.54,2388.12,8134.73,8.4122,393,38.92,23.3222,0
642.46,1591.85,1402.12,553.14,2388.07,9053.65,47.24,521.73,2388.07,8131.89,8.4389,393,38.84,23.3565,0
642.38,1584.15,1397.85,553.67,2388.11,9050.16,47.58,521.4,2388.09,8138.21,8.4158,392,38.87,23.239,0
642.48,1585.04,1411.13,553.7,2388.09,9051.8,47.51,522.04,2388.11,8135.8,8.4359,393,38.94,23.2181,0
642.62,1586.4,1402.99,554.25,2388.1,9052.84,47.4,521.96,2388.1,8136.91,8.4335,393,38.71,23.3434,0
642.44,1583.32,1401.2,553.82,2388.05,9063.43,47.63,521.67,2388.14,8137.88,8.4131,392,38.85,23.2844,0
642.6,1582.49,1400.71,553.95,2388.1,9053.14,47.39,521.68,2388.12,8133.38,8.4041,392,38.89,23.3426,0
642.9,1589.89,1407.53,553.87,2388.09,9052.8,47.55,521.32,2388.06,8129.85,8.4106,394,38.82,23.3133,0
642.46,1580.98,1402.51,552.63,2388.05,9049.85,47.57,521.71,2388.15,8137.14,8.4515,393,38.88,23.323,0
642.83,1586.39,1401.37,553.39,2388.15,9058.14,47.63,521.37,2388.11,8130.76,8.4777,392,38.76,23.449,0
642.95,1591.72,1412.68,553.31,2388.12,9057.54,47.55,521.15,2388.11,8135.19,8.4393,392,38.93,23.3196,0
642.67,1585.19,1411.71,553.8,2388.07,9049.13,47.48,521.89,2388.1,8131.35,8.4325,394,38.93,23.3142,0
642.98,1584.45,1410.57,553.46,2388.11,9049.1,47.49,521.11,2388.11,8132.43,8.4309,393,38.87,23.2644,0
643.18,1587.55,1406.15,553.72,2388.08,9057.82,47.28,521.12,2388.04,8136.87,8.4224,393,38.91,23.2202,0
642.75,1585.17,1403.9,553.52,2388.08,9053.33,47.31,521.42,2388.13,8133.5,8.4139,393,38.69,23.2168,0
642.68,1590.81,1407.72,553.56,2388.06,9056.16,47.6,521.37,2388.13,8131.76,8.4363,394,38.99,23.2953,0
642.36,1587.43,1405.78,553.63,2388.1,9046.28,47.51,521.73,2388.1,8130.64,8.4532,392,38.83,23.2707,0
642.38,1585.08,1403.53,553.62,2388.11,9060.03,47.51,521.55,2388.12,8130.7,8.4306,392,38.91,23.3228,0
642.58,1587.68,1406.05,553.19,2388.08,9044.78,47.62,521.35,2388.12,8128.64,8.4149,393,38.78,23.3543,0
643.0,1591.15,1413.65,553.36,2388.11,9046.38,47.38,521.18,2388.09,8128.07,8.4242,393,38.77,23.3007,0
642.12,1591.63,1402.5,553.31,2388.11,9049.39,47.68,521.44,2388.11,8133.82,8.4455,392,38.8,23.3424,0
642.36,1587.03,1411.24,553.64,2388.1,9051.92,47.49,521.54,2388.11,8131.8,8.4129,394,38.58,23.4398,0
642.79,1585.79,1412.85,554.72,2388.13,9045.47,47.64,521.42,2388.17,8130.45,8.4098,394,38.85,23.3574,0
642.69,1595.21,1411.83,553.4,2388.12,9046.6,47.55,520.95,2388.06,8130.9,8.4531,394,38.78,23.3753,0
642.98,1582.31,1404.12,552.98,2388.15,9050.87,47.62,521.31,2388.11,8132.08,8.421,393,38.97,23.2154,0
642.77,1588.31,1408.88,553.24,2388.1,9050.13,47.4,521.24,2388.1,8130.52,8.4873,392,38.83,23.3625,0
642.83,1592.39,1413.02,552.58,2388.08,9054.22,47.64,521.88,2388.09,8129.97,8.427,392,38.83,23.238,0
642.69,1592.13,1407.27,552.66,2388.22,9047.45,47.54,521.25,2388.13,8129.29,8.4794,393,38.8,23.2749,0
642.62,1588.84,1402.82,553.22,2388.15,9043.64,47.4,520.89,2388.12,8134.64,8.4719,394,38.8,23.2736,0
642.35,1595.45,1406.14,553.15,2388.13,9052.16,47.47,521.33,2388.15,8136.14,8.4866,393,38.9,23.3245,0
642.09,1584.69,1412.63,553.72,2388.12,9049.24,47.57,521.23,2388.14,8133.39,8.4433,393,38.78,23.3295,0
642.44,1597.68,1408.76,552.76,2388.13,9048.12,47.51,520.99,2388.13,8126.43,8.4494,394,38.86,23.2969,0
643.04,1588.09,1412.27,553.06,2388.13,9054.29,47.65,521.33,2388.15,8128.45,8.4721,392,38.8,23.3426,0
642.86,1587.92,1406.44,553.2,2388.15,9054.57,47.54,520.92,2388.13,8128.56,8.4461,393,38.81,23.3773,0
642.39,1589.28,1403.67,553.82,2388.17,9054.62,47.61,521.35,2388.19,8126.98,8.4698,393,38.64,23.3072,0
642.76,1595.41,1414.82,552.25,2388.13,9054.96,47.71,520.44,2388.12,8128.33,8.4345,393,38.75,23.1839,0
642.65,1585.03,1402.03,553.07,2388.15,9053.09,47.68,521.11,2388.19,8130.33,8.4525,395,38.79,23.2531,0
642.93,1590.32,1411.59,553.43,2388.11,9052.22,47.47,521.46,2388.16,8133.73,8.4636,394,38.73,23.2484,0
642.07,1595.52,1413.1,552.94,2388.15,9045.46,47.72,521.36,2388.15,8129.15,8.5107,394,38.77,23.3062,0
642.51,1594.18,1413.16,553.33,2388.15,9047.54,47.82,521.22,2388.12,8129.03,8.4583,393,38.8,23.2131,0
643.36,1595.29,1417.67,552.83,2388.12,9048.3,47.55,520.49,2388.16,8130.93,8.4671,395,38.74,23.2038,0
643.33,1598.98,1415.39,552.57,2388.16,9054.98,47.73,520.84,2388.2,8127.92,8.4766,394,38.68,23.3106,0
643.11,1592.69,1419.71,552.96,2388.14,9045.91,47.5,521.27,2388.22,8128.81,8.5115,394,38.74,23.1463,0
643.09,1603.7,1413.41,552.57,2388.15,9042.18,47.78,520.98,2388.15,8127.85,8.4817,393,38.69,23.2519,0
642.89,1596.93,1414.79,552.79,2388.18,9047.62,47.88,520.66,2388.16,8120.38,8.4423,393,38.72,23.2878,0
643.15,1592.42,1421.28,552.36,2388.17,9046.69,47.71,521.2,2388.16,8127.8,8.465,394,38.7,23.2318,0
642.86,1598.37,1408.48,552.4,2388.18,9048.7,47.7,520.61,2388.15,8124.14,8.4737,396,38.68,23.2236,0
642.85,1592.66,1412.74,552.81,2388.21,9046.09,47.93,520.49,2388.15,8127.53,8.4492,393,38.6,23.3449,0
642.66,1596.4,1425.33,553.01,2388.16,9048.48,47.66,520.68,2388.21,8127.14,8.4569,394,38.61,23.1938,0
642.85,1593.96,1415.62,552.97,2388.18,9047.99,48.04,520.74,2388.21,8125.55,8.496,394,38.63,23.2427,0
642.78,1591.34,1416.44,552.46,2388.2,9043.3,47.72,520.48,2388.15,8125.09,8.4669,394,38.75,23.2095,0
643.4,1587.33,1422.57,552.5,2388.15,9041.96,47.61,521.16,2388.14,8125.49,8.4596,396,38.88,23.2559,0
643.55,1593.57,1419.86,552.95,2388.18,9041.17,47.71,520.9,2388.2,8123.15,8.4492,394,38.55,23.2587,0
643.66,1592.45,1420.38,552.25,2388.16,9046.88,47.86,520.96,2388.2,8124.61,8.4999,394,38.63,23.2826,0
643.57,1599.93,1409.49,552.26,2388.15,9048.26,47.83,520.67,2388.2,8126.63,8.4434,395,38.6,23.1493,0
642.94,1596.31,1424.6,552.68,2388.21,9045.43,47.77,520.76,2388.21,8131.16,8.5111,393,38.5,23.2454,0
643.11,1598.28,1417.62,552.06,2388.22,9042.07,47.91,520.04,2388.21,8124.26,8.4599,395,38.62,23.2101,0
643.11,1599.24,1421.94,551.83,2388.24,9047.75,47.83,520.14,2388.19,8127.88,8.5107,394,38.64,23.1877,0
643.38,1594.39,1423.01,552.27,2388.26,9040.65,47.9,519.88,2388.22,8125.62,8.4637,395,38.62,23.1268,0
643.06,1589.79,1423.47,551.92,2388.23,9045.92,47.86,519.72,2388.15,8123.21,8.4495,394,38.7,23.2501,0
643.11,1595.05,1417.53,551.52,2388.21,9043.24,47.86,519.82,2388.25,8119.87,8.5138,395,38.49,23.1587,0
643.26,1591.49,1419.61,551.48,2388.22,9051.14,48.09,520.12,2388.33,8124.36,8.4888,396,38.76,23.2067,0
642.91,1597.86,1421.69,551.82,2388.2,9048.33,48.01,519.94,2388.21,8125.08,8.4884,395,38.71,23.1346,0
643.36,1609.12,1430.8,551.33,2388.26,9045.49,47.96,520.3,2388.23,8116.69,8.4809,395,38.47,23.1846,0
643.24,1593.08,1425.77,552.46,2388.24,9035.48,47.93,520.17,2388.22,8121.16,8.4876,396,38.63,23.1089,0
643.51,1596.91,1426.15,551.37,2388.2,9042.65,48.03,520.38,2388.25,8124.47,8.5187,396,38.6,23.1303,0
642.76,1599.91,1424.64,551.64,2388.28,9040.11,48.04,520.05,2388.27,8123.16,8.5346,394,38.52,23.1438,0
643.66,1592.89,1417.3,552.26,2388.27,9040.16,47.97,519.79,2388.23,8120.06,8.4798,396,38.73,23.0937,0
643.62,1591.9,1428.56,552.15,2388.27,9046.22,47.96,520.2,2388.19,8115.25,8.5074,395,38.67,23.1283,0
642.95,1603.35,1423.51,550.9,2388.31,9043.59,47.82,520.85,2388.24,8118.95,8.5095,395,38.49,23.2057,1
643.5,1603.9,1428.28,551.86,2388.23,9042.21,47.85,519.83,2388.28,8120.75,8.529,395,38.57,23.0436,1
644.14,1595.39,1429.39,551.59,2388.22,9048.06,48.14,519.85,2388.28,8118.04,8.518,394,38.49,23.2322,1
643.47,1596.53,1427.07,551.41,2388.26,9040.88,47.98,520.02,2388.24,8117.31,8.5062,396,38.63,23.0568,1
643.41,1600.81,1432.08,551.01,2388.27,9043.28,48.12,519.81,2388.31,8118.17,8.5196,396,38.39,23.1349,1
643.51,1597.68,1420.43,551.67,2388.33,9047.45,48.23,519.91,2388.27,8118.29,8.5039,394,38.42,23.0226,1
644.13,1602.22,1433.01,551.32,2388.27,9041.64,48.09,519.67,2388.31,8115.21,8.488,395,38.33,23.1111,1
643.58,1602.82,1427.41,551.87,2388.34,9036.58,48.14,519.56,2388.28,8113.18,8.5128,396,38.57,23.1863,1
643.73,1599.89,1431.71,551.27,2388.28,9041.39,48.22,519.49,2388.31,8119.16,8.5322,397,38.46,23.0507,1
643.55,1593.77,1426.61,551.64,2388.29,9046.79,48.13,520.33,2388.32,8111.21,8.5307,397,38.27,22.954,1
643.99,1599.57,1427.53,550.73,2388.37,9035.0,48.03,519.37,2388.3,8113.24,8.4916,397,38.44,22.9936,2
642.34,1588.01,1399.96,554.28,2388.03,9061.49,47.17,522.14,2388.02,8145.19,8.4232,391,39.06,23.3551,0
642.08,1589.48,1398.69,553.99,2388.05,9068.98,47.39,521.83,2388.01,8149.47,8.4033,393,38.99,23.4454,0
642.48,1588.43,1403.39,554.36,2388.05,9065.18,47.24,522.13,2388.01,8141.87,8.405,392,38.99,23.291,0
642.25,1587.5,1400.65,554.13,2388.0,9066.56,47.18,522.17,2388.0,8153.43,8.4461,393,38.95,23.4018,0
642.27,1582.42,1397.06,554.61,2388.04,9069.94,47.23,522.48,2388.0,8150.8,8.373,392,38.87,23.4902,0
642.26,1580.58,1395.61,554.0,2388.0,9068.57,47.32,521.72,2387.99,8148.98,8.4264,391,39.07,23.4421,0
642.53,1586.86,1396.38,554.85,2387.95,9071.36,47.34,521.88,2388.03,8152.8,8.4094,392,38.89,23.3565,0
642.09,1582.29,1400.99,554.61,2387.99,9064.69,47.28,522.43,2388.0,8151.03,8.4175,393,39.0,23.6127,0
642.03,1583.63,1399.25,554.6,2388.05,9071.25,47.26,522.21,2388.02,8147.7,8.3943,392,39.09,23.3312,0
642.11,1587.75,1397.72,554.14,2388.02,9065.61,47.35,522.1,2388.05,8151.29,8.3928,393,38.99,23.3664,0
642.82,1585.92,1400.62,553.87,2387.99,9074.27,47.29,522.09,2388.02,8143.68,8.3933,392,38.94,23.3275,0
641.87,1582.53,1401.81,554.91,2387.99,9070.32,47.36,521.9,2388.01,8150.23,8.3913,391,39.03,23.3745,0
642.14,1581.03,1398.39,555.39,2388.03,9062.02,47.26,522.01,2388.02,8148.22,8.3979,393,39.05,23.4597,0
642.05,1583.57,1397.95,554.14,2387.99,9073.43,47.29,522.02,2388.08,8150.16,8.4041,391,39.04,23.4947,0
642.46,1586.98,1400.41,555.1,2388.04,9071.01,47.43,522.26,2388.0,8145.33,8.4075,391,39.11,23.3766,0
642.47,1586.89,1399.49,553.78,2388.03,9062.57,47.14,522.59,2388.03,8146.31,8.3916,392,38.95,23.3416,0
641.87,1586.57,1392.66,553.6,2388.05,9075.58,47.17,522.47,2388.06,8142.34,8.3763,390,39.22,23.3104,0
642.34,1585.13,1398.5,554.48,2388.03,9060.72,47.33,522.1,2388.04,8149.03,8.4153,393,38.97,23.4192,0
642.22,1588.82,1397.23,554.51,2388.1,9063.16,47.41,522.05,2388.07,8146.34,8.4145,391,39.05,23.423,0
641.61,1585.55,1400.22,553.99,2388.02,9062.78,47.12,522.51,2388.0,8148.92,8.4086,390,39.07,23.4179,0
642.27,1582.88,1400.56,555.07,2387.96,9059.52,47.5,521.91,2388.02,8147.44,8.4537,391,39.11,23.4018,0
642.64,1586.07,1402.21,554.02,2388.03,9068.32,47.45,522.39,2388.06,8146.76,8.3947,391,38.87,23.2809,0
642.35,1588.38,1407.4,554.16,2387.98,9064.61,47.16,522.86,2388.03,8152.7,8.4503,393,38.78,23.4011,0
642.01,1587.3,1403.85,554.71,2387.99,9065.44,47.13,522.48,2388.02,8153.64,8.3982,391,39.17,23.3627,0
641.9,1582.93,1407.01,554.11,2387.96,9063.75,47.11,522.28,2388.02,8146.85,8.3955,392,38.92,23.247,0
642.17,1583.88,1407.53,554.4,2388.02,9066.35,47.24,522.16,2388.01,8141.77,8.3993,393,39.02,23.3287,0
641.95,1588.72,1402.76,554.18,2388.0,9062.5,47.28,522.37,2388.03,8145.59,8.4574,391,39.07,23.3382,0
642.54,1587.39,1402.16,553.51,2387.99,9071.97,47.25,522.32,2388.04,8147.23,8.4188,392,39.14,23.4397,0
642.5,1580.64,1399.05,554.29,2388.03,9073.66,47.36,522.64,2387.95,8155.26,8.4044,392,38.98,23.2539,0
642.29,1582.46,1392.49,554.5,2387.96,9063.61,47.28,522.26,2387.98,8151.16,8.3982,392,39.2,23.4601,0
642.08,1583.63,1402.58,554.4,2387.97,9065.73,47.46,522.45,2388.07,8145.45,8.3823,392,39.0,23.2312,0
642.19,1581.05,1394.85,554.16,2388.02,9064.1,47.33,521.73,2388.07,8141.46,8.4179,393,39.06,23.4209,0
642.15,1584.41,1399.83,554.56,2388.04,9067.97,47.25,522.07,2388.05,8147.15,8.4303,391,39.01,23.3702,0
642.48,1584.48,1399.0,554.59,2388.01,9058.88,47.37,522.01,2388.01,8149.02,8.3729,391,38.97,23.4094,0
642.3,1585.36,1399.18,554.04,2388.05,9065.14,47.26,522.36,2388.01,8147.0,8.3962,392,39.04,23.4633,0
642.58,1584.78,1403.19,554.16,2388.01,9073.65,47.18,522.24,2388.06,8145.76,8.4097,392,38.92,23.4262,0
642.6,1582.61,1394.51,553.78,2388.0,9063.49,47.23,522.22,2387.99,8148.73,8.4155,392,38.9,23.398,0
642.42,1586.97,1403.97,553.97,2388.01,9069.46,47.36,522.91,2388.01,8150.95,8.3752,391,39.02,23.2856,0
642.18,1591.04,1394.96,553.98,2387.99,9075.7,47.35,521.75,2388.01,8154.62,8.3753,392,39.18,23.3421,0
642.01,1591.54,1396.7,554.64,2388.0,9068.47,47.05,522.11,2388.02,8149.01,8.3909,390,38.85,23.4245,0
642.12,1587.96,1394.48,554.26,2388.01,9060.24,47.31,522.53,2388.03,8151.48,8.4488,393,38.96,23.3425,0
642.3,1581.61,1400.18,554.21,2388.06,9063.75,47.25,521.95,2387.99,8147.63,8.4141,394,38.9,23.3654,0
642.85,1584.95,1405.43,554.6,2387.99,9069.04,47.25,521.94,2388.07,8148.05,8.4308,392,39.21,23.3512,0
642.52,1589.34,1403.83,553.4,2388.0,9074.0,47.04,522.59,2388.06,8144.04,8.3958,391,38.99,23.3333,0
642.32,1588.13,1394.85,554.66,2388.04,9068.97,47.33,522.44,2388.06,8148.08,8.3786,391,39.06,23.3534,0
641.89,1590.64,1398.48,553.87,2388.03,9066.21,47.33,521.81,2388.05,8149.15,8.4166,391,38.97,23.3787,0
642.71,1587.24,1401.37,554.17,2387.99,9069.1,47.2,521.61,2388.03,8155.19,8.4197,393,38.88,23.3449,0
641.91,1585.57,1399.46,554.17,2388.04,9068.96,47.32,522.46,2388.01,8147.86,8.3808,390,38.89,23.4847,0
642.17,1587.31,1392.92,554.13,2388.01,9067.32,47.33,522.2,2388.03,8144.5,8.4147,391,38.88,23.417,0
642.27,1583.16,1400.73,554.57,2387.96,9063.74,47.26,522.32,2388.0,8149.32,8.4266,392,38.88,23.4421,0
642.4,1583.27,1398.62,554.91,2388.04,9072.71,47.23,521.68,2388.01,8148.91,8.4164,393,39.08,23.2303,0
642.05,1589.38,1392.05,554.4,2387.99,9065.4,47.37,522.17,2388.01,8147.35,8.4303,391,38.83,23.4014,0
641.83,1582.04,1402.1,554.08,2387.97,9062.04,47.28,522.38,2388.03,8151.49,8.3988,392,38.94,23.3685,0
642.43,1583.19,1403.48,554.81,2388.01,9071.95,47.38,521.77,2388.04,8148.83,8.4105,392,38.93,23.3172,0
642.17,1581.51,1403.39,554.68,2388.04,9067.62,47.26,522.69,2388.04,8151.34,8.483,394,38.91,23.3415,0
642.29,1586.34,1395.94,553.84,2388.0,9063.37,47.23,521.92,2388.04,8152.34,8.3829,393,39.1,23.3457,0
641.84,1580.42,1397.99,554.52,2387.98,9062.15,47.22,522.56,2388.03,8150.07,8.4495,390,39.09,23.3923,0
642.01,1588.84,1400.81,554.02,2388.0,9066.53,47.3,521.53,2388.04,8149.22,8.4189,391,39.07,23.4126,0
642.43,1587.83,1393.48,554.4,2388.02,9066.76,47.25,521.68,2388.03,8150.71,8.4158,391,39.0,23.3713,0
641.91,1577.88,1402.46,553.76,2388.04,9062.36,47.35,521.93,2388.04,8147.99,8.4146,391,38.89,23.3815,0
642.23,1583.35,1399.97,554.06,2388.01,9066.78,47.35,522.77,2388.01,8147.7,8.3747,392,38.85,23.3342,0
642.51,1578.82,1403.45,553.83,2388.03,9062.4,47.17,521.92,2388.06,8149.39,8.4047,391,39.15,23.3515,0
642.74,1592.33,1400.23,554.14,2388.03,9067.78,47.32,522.21,2388.05,8145.31,8.3983,390,38.9,23.4224,0
642.15,1586.66,1398.84,554.59,2387.99,9063.03,47.36,521.88,2388.05,8145.32,8.408,392,39.12,23.4309,0
642.2,1585.56,1401.47,554.09,2387.99,9060.22,47.25,521.83,2388.0,8147.28,8.388,392,38.99,23.387,0
642.28,1580.55,1402.3,554.33,2388.03,9067.99,47.3,522.1,2388.04,8151.97,8.4267,392,38.91,23.3531,0
642.17,1587.07,1404.48,554.29,2388.08,9060.12,47.38,522.31,2388.05,8146.81,8.4276,391,38.91,23.3862,0
642.11,1594.45,1407.83,553.96,2388.04,9066.17,47.23,521.82,2387.98,8153.29,8.387,393,38.99,23.4718,0
642.68,1590.8,1405.79,554.38,2388.02,9060.17,47.25,521.83,2388.01,8146.13,8.4128,392,38.97,23.37,0
642.27,1584.79,1396.19,554.54,2388.01,9064.31,47.27,522.06,2388.02,8142.89,8.4077,394,39.06,23.3881,0
642.38,1589.48,1395.51,554.17,2388.03,9068.99,47.33,522.28,2388.03,8145.89,8.4356,391,39.05,23.5184,0
642.81,1579.42,1399.49,554.42,2388.07,9067.91,47.2,521.92,2388.0,8148.18,8.428,394,38.93,23.4807,0
642.38,1590.39,1402.47,554.2,2388.02,9065.42,47.3,522.14,2388.06,8146.59,8.4525,391,38.92,23.2985,0
642.05,1583.81,1398.05,554.93,2387.99,9073.12,47.32,522.22,2387.98,8148.35,8.3951,392,39.05,23.4374,0
641.84,1583.26,1401.6,553.89,2388.02,9067.15,47.28,521.92,2388.07,8147.73,8.4111,392,39.1,23.3593,0
641.42,1588.58,1400.94,554.28,2388.04,9063.49,47.41,521.82,2388.05,8147.81,8.4054,392,38.99,23.4375,0
642.23,1584.8,1403.23,554.22,2387.99,9067.33,47.35,521.28,2388.02,8143.55,8.3945,392,38.81,23.3916,0
642.8,1592.27,1399.1,554.23,2388.07,9070.27,47.28,521.88,2388.0,8150.29,8.3924,391,38.9,23.4512,0
642.59,1586.49,1401.22,554.12,2387.98,9073.42,47.25,521.59,2388.05,8148.01,8.382,393,38.75,23.4249,0
642.55,1584.95,1400.86,554.49,2387.98,9068.18,47.43,522.15,2388.06,8151.42,8.42,393,39.15,23.2892,0
642.53,1589.79,1399.14,553.22,2388.02,9070.21,47.48,521.84,2387.99,8146.2,8.4277,392,39.0,23.4094,0
642.76,1586.91,1397.73,554.07,2388.04,9066.55,47.38,521.71,2388.06,8148.73,8.4235,391,38.75,23.3618,0
642.02,1590.09,1401.12,553.81,2388.02,9064.65,47.17,522.5,2388.0,8145.82,8.3973,393,39.1,23.3816,0
642.01,1582.05,1405.21,553.9,2388.03,9067.49,47.3,521.98,2388.03,8151.42,8.419,391,38.86,23.3279,0
642.39,1586.33,1405.19,554.41,2388.02,9069.47,47.36,522.19,2388.07,8147.37,8.3813,392,38.68,23.4168,0
642.33,1585.37,1405.93,553.69,2388.04,9067.9,47.19,521.77,2388.05,8151.44,8.4485,395,38.98,23.4394,0
642.49,1585.81,1404.96,553.8,2388.06,9068.11,47.3,521.63,2388.02,8151.19,8.3956,393,39.05,23.3515,0
642.63,1581.33,1402.94,554.46,2388.04,9074.25,47.44,521.86,2388.01,8149.86,8.4115,393,38.83,23.4071,0
642.73,1586.98,1396.77,553.74,2387.99,9071.72,47.43,521.72,2388.05,8148.08,8.4211,392,39.08,23.3967,0
642.07,1591.48,1401.58,554.48,2388.0,9072.04,47.16,521.55,2387.93,8151.47,8.4489,393,38.66,23.3231,0
642.19,1591.44,1400.62,553.46,2388.06,9071.77,47.5,521.8,2388.01,8147.76,8.4012,392,38.88,23.304,0
642.35,1590.1,1406.86,554.11,2388.08,9075.83,47.4,521.45,2388.03,8147.85,8.432,391,38.99,23.3322,0
642.1,1588.77,1403.31,554.45,2388.03,9064.84,47.31,522.16,2388.04,8146.16,8.4316,392,38.9,23.3227,0
642.28,1583.81,1400.99,553.7,2388.07,9072.58,47.29,521.61,2388.06,8153.3,8.4444,391,38.93,23.3133,0
642.75,1592.79,1398.52,553.83,2388.08,9069.68,47.27,522.07,2388.04,8144.99,8.4465,392,38.86,23.2917,0
642.49,1583.97,1400.48,554.23,2388.03,9068.02,47.37,522.04,2388.06,8150.51,8.4575,392,39.11,23.1472,0
642.82,1584.23,1406.64,553.83,2388.05,9074.74,47.38,521.96,2388.03,8145.29,8.423,390,38.94,23.3085,0
642.49,1594.28,1410.67,553.79,2388.05,9072.34,47.39,521.37,2388.07,8148.43,8.4438,394,38.78,23.4416,0
642.98,1591.75,1404.21,553.7,2388.05,9068.18,47.14,521.9,2388.0,8141.2,8.4132,395,38.92,23.2991,0
642.15,1586.21,1406.94,553.9,2388.08,9071.68,47.19,521.71,2388.02,8151.61,8.372,392,38.82,23.4789,0
642.2,1587.07,1401.68,554.04,2388.09,9075.13,47.36,521.95,2387.95,8146.47,8.3805,393,38.81,23.3747,0
642.83,1593.85,1397.22,553.67,2388.11,9076.48,47.47,522.02,2388.06,8151.48,8.4278,393,38.86,23.3845,0
642.04,1587.1,1405.48,554.19,2388.07,9073.87,47.38,522.16,2388.04,8150.7,8.4227,392,38.87,23.3098,0
642.31,1585.1,1401.9,553.53,2388.05,9073.61,47.44,521.62,2388.02,8143.82,8.4478,393,38.69,23.2988,0
642.68,1591.46,1406.02,553.65,2388.02,9069.72,47.38,521.73,2388.06,8143.5,8.4119,392,38.86,23.3712,0
642.43,1597.52,1405.94,553.56,2388.02,9064.98,47.48,521.76,2388.09,8142.83,8.4409,393,38.78,23.4069,0
642.66,1584.18,1405.62,553.63,2388.08,9071.32,47.38,521.71,2388.06,8145.62,8.4311,391,38.77,23.3192,0
642.85,1591.46,1408.09,553.73,2388.08,9073.4,47.28,521.65,2388.09,8155.88,8.4364,393,38.84,23.3747,0
641.94,1587.18,1407.15,552.75,2388.08,9067.61,47.38,522.28,2388.02,8151.09,8.4523,393,38.91,23.4133,0
641.94,1585.36,1402.34,553.89,2388.09,9067.49,47.41,522.16,2388.0,8146.64,8.4407,394,38.86,23.3435,0
642.48,1591.23,1413.13,553.64,2388.1,9067.47,47.57,522.26,2388.08,8151.37,8.402,392,38.86,23.3541,0
642.63,1594.59,1406.74,553.65,2388.03,9071.86,47.38,522.11,2388.07,8146.72,8.3999,391,39.06,23.3487,0
642.58,1583.42,1402.32,553.88,2388.05,9065.04,47.52,521.35,2388.08,8154.56,8.4454,392,38.73,23.3766,0
642.36,1592.21,1408.27,553.45,2388.01,9071.8,47.55,522.0,2388.05,8151.11,8.4135,393,38.99,23.3074,0
642.6,1591.42,1408.59,553.49,2388.02,9070.93,47.38,522.13,2388.02,8148.99,8.4559,392,38.8,23.4512,0
642.64,1586.8,1409.88,554.28,2388.07,9069.94,47.48,521.55,2388.07,8150.08,8.3986,392,38.78,23.381,0
642.14,1588.91,1410.91,553.69,2388.01,9071.48,47.48,521.72,2388.1,8142.84,8.431,392,38.68,23.3088,0
642.18,1591.13,1403.0,554.15,2388.05,9079.02,47.63,521.62,2388.11,8148.77,8.4383,393,38.88,23.2717,0
642.33,1593.12,1397.27,553.16,2388.07,9062.71,47.36,521.69,2388.02,8152.33,8.3974,393,38.81,23.4212,0
642.19,1586.54,1409.86,554.31,2388.09,9072.51,47.26,521.59,2388.04,8158.41,8.4228,395,38.85,23.3849,0
642.27,1588.56,1403.65,554.18,2388.06,9065.63,47.56,521.32,2388.12,8152.09,8.4074,393,38.96,23.3071,0
642.06,1602.52,1400.5,554.61,2388.07,9070.08,47.46,521.5,2388.09,8145.1,8.4487,392,38.89,23.3902,0
642.64,1591.2,1410.31,553.76,2388.05,9078.99,47.44,521.86,2388.09,8146.69,8.3967,392,38.96,23.3754,0
642.76,1591.77,1410.38,553.1,2388.05,9070.73,47.44,522.07,2388.05,8151.1,8.4538,393,38.79,23.2514,0
642.4,1585.51,1408.95,553.76,2388.08,9070.1,47.59,521.47,2388.06,8148.12,8.427,393,38.87,23.3021,0
642.84,1588.67,1404.06,553.35,2388.06,9070.15,47.4,522.09,2388.01,8149.41,8.4359,391,38.85,23.3114,0
642.63,1586.74,1410.69,553.82,2388.11,9062.7,47.34,521.56,2388.05,8148.35,8.4614,392,38.54,23.3462,0
642.81,1583.34,1410.54,554.03,2388.07,9065.53,47.38,521.09,2388.06,8154.09,8.4038,393,38.68,23.3752,0
642.35,1592.87,1402.96,553.88,2388.05,9067.47,47.51,521.75,2388.06,8147.76,8.4593,393,38.68,23.3006,0
642.81,1597.69,1400.09,553.6,2388.06,9064.41,47.53,521.32,2388.08,8149.32,8.4589,394,38.88,23.3898,0
642.78,1590.57,1402.02,553.45,2388.08,9076.73,47.37,521.28,2388.04,8150.99,8.4647,392,38.81,23.2868,0
642.5,1589.77,1406.53,553.54,2388.03,9073.1,47.49,521.41,2388.03,8153.29,8.4585,392,38.96,23.2792,0
642.73,1597.1,1402.16,553.55,2388.07,9072.61,47.47,521.35,2388.04,8148.71,8.4353,394,38.86,23.2777,0
642.52,1591.02,1403.9,553.42,2388.1,9067.26,47.65,522.07,2388.11,8152.08,8.4276,394,38.81,23.2337,0
642.83,1592.46,1407.67,552.93,2388.11,9080.43,47.6,521.6,2388.12,8150.85,8.4567,394,38.79,23.2751,0
642.76,1587.59,1401.34,553.28,2388.11,9071.05,47.65,521.64,2388.01,8148.34,8.459,394,38.86,23.2314,0
642.37,1587.97,1404.97,553.28,2388.1,9077.45,47.65,521.34,2388.04,8149.82,8.4408,392,38.66,23.2344,0
642.82,1586.14,1411.12,553.03,2388.07,9067.42,47.54,521.19,2388.09,8147.81,8.4734,394,38.85,23.3948,0
642.94,1593.56,1413.54,552.82,2388.14,9079.32,47.59,521.52,2388.1,8148.55,8.4509,393,38.73,23.2686,0
642.73,1594.24,1409.65,552.85,2388.07,9076.1,47.64,521.95,2388.1,8147.34,8.4291,393,38.65,23.2198,0
642.16,1593.88,1409.17,552.75,2388.09,9077.57,47.38,521.53,2388.11,8154.32,8.4168,393,38.75,23.3339,0
642.43,1588.93,1409.27,553.26,2388.14,9071.84,47.73,521.22,2388.14,8146.45,8.4513,393,38.84,23.2356,0
642.41,1592.43,1406.67,553.46,2388.14,9079.43,47.66,521.63,2388.16,8151.09,8.4334,393,39.04,23.2052,0
642.58,1600.6,1414.47,552.42,2388.1,9072.7,47.64,521.41,2388.15,8149.46,8.4301,395,38.88,23.3913,0
642.39,1591.41,1413.63,553.35,2388.09,9071.99,47.67,521.44,2388.07,8150.02,8.4888,394,38.74,23.2573,0
643.05,1592.85,1411.9,553.14,2388.14,9075.24,47.67,521.27,2388.13,8152.22,8.4718,392,38.71,23.221,0
642.9,1591.72,1406.77,553.38,2388.04,9066.38,47.54,521.68,2388.14,8150.1,8.4557,392,38.92,23.3031,0
643.22,1587.33,1406.18,553.77,2388.11,9074.88,47.49,521.2,2388.12,8152.06,8.4418,393,38.55,23.2907,0
642.91,1589.38,1419.63,553.08,2388.13,9074.36,47.6,521.25,2388.08,8154.63,8.4625,394,38.78,23.3027,0
642.94,1589.12,1416.35,552.62,2388.13,9074.08,47.55,521.24,2388.1,8150.11,8.4553,393,38.78,23.2209,0
643.18,1590.53,1414.73,552.98,2388.07,9070.79,47.75,521.66,2388.09,8148.97,8.438,393,38.82,23.0892,0
643.24,1600.25,1414.93,552.73,2388.11,9082.39,47.85,520.99,2388.2,8150.25,8.4583,394,38.78,23.2187,0
643.13,1599.5,1421.29,553.64,2388.08,9082.06,47.78,521.17,2388.12,8153.05,8.4342,392,38.88,23.2524,0
642.95,1594.38,1409.05,552.62,2388.09,9077.87,47.68,521.16,2388.1,8151.86,8.4511,394,38.85,23.3,0
642.86,1592.11,1417.07,553.17,2388.07,9080.14,47.78,521.08,2388.11,8147.53,8.4481,394,38.76,23.368,0
642.7,1590.73,1402.36,552.72,2388.14,9071.23,47.55,521.36,2388.17,8153.06,8.4512,395,38.65,23.3049,0
642.68,1588.35,1408.39,552.52,2388.17,9080.27,47.64,520.91,2388.12,8146.93,8.4946,394,38.77,23.1999,0
642.97,1597.05,1417.6,553.33,2388.07,9071.06,47.77,521.26,2388.11,8149.05,8.4598,393,38.62,23.1811,0
643.36,1593.94,1420.52,553.36,2388.16,9083.02,47.8,520.16,2388.18,8153.24,8.4478,394,38.68,23.2056,0
642.88,1594.11,1413.09,552.95,2388.1,9077.91,47.75,521.2,2388.16,8151.66,8.4494,394,38.89,23.2448,0
642.82,1591.53,1412.83,552.75,2388.11,9075.85,47.71,521.36,2388.14,8157.9,8.4879,395,38.7,23.2428,0
643.0,1592.35,1417.63,552.74,2388.13,9075.58,47.76,521.06,2388.15,8157.3,8.4741,396,38.61,23.2244,0
643.27,1599.87,1418.28,553.92,2388.17,9072.43,47.64,521.33,2388.14,8151.36,8.4849,395,38.53,23.237,0
642.88,1599.02,1414.31,552.27,2388.15,9076.42,47.54,521.16,2388.16,8149.12,8.4744,396,38.79,23.3309,0
643.62,1590.23,1416.86,552.9,2388.15,9075.93,47.76,520.83,2388.16,8153.4,8.4655,396,38.79,23.2954,0
643.3,1591.58,1417.72,552.8,2388.17,9075.68,48.02,521.03,2388.18,8147.14,8.4722,395,38.73,23.2368,0
642.96,1598.57,1415.13,552.13,2388.13,9078.46,47.67,520.48,2388.14,8147.43,8.4608,395,38.55,23.1302,0
643.51,1598.32,1418.34,552.32,2388.12,9080.31,47.73,520.53,2388.09,8157.44,8.4552,394,38.59,23.2228,0
643.53,1597.58,1413.27,552.39,2388.12,9074.86,47.91,520.94,2388.13,8151.88,8.4672,396,38.67,23.1493,0
643.18,1596.1,1419.16,553.41,2388.16,9083.68,48.0,521.31,2388.11,8148.22,8.4874,395,38.66,23.0593,0
643.41,1602.73,1415.78,552.25,2388.17,9078.7,47.83,520.27,2388.14,8153.76,8.4424,394,38.6,23.1823,0
643.29,1595.31,1423.8,551.71,2388.18,9081.78,47.91,520.85,2388.15,8154.66,8.4583,396,38.57,23.2305,0
643.28,1590.18,1418.06,552.16,2388.18,9082.74,47.83,520.0,2388.23,8150.97,8.5005,394,38.58,23.1232,0
642.9,1594.58,1421.7,552.36,2388.19,9076.85,47.88,520.55,2388.23,8156.31,8.5042,395,38.52,23.1962,0
643.02,1597.59,1420.72,552.14,2388.14,9070.9,47.99,520.75,2388.09,8149.87,8.507,393,38.68,23.1616,0
643.2,1597.94,1416.46,552.36,2388.24,9077.87,47.95,520.15,2388.17,8153.7,8.523,395,38.6,23.2314,0
643.3,1590.15,1418.51,552.05,2388.12,9074.41,47.86,520.26,2388.18,8153.05,8.532,394,38.69,23.1563,0
643.42,1601.12,1424.81,552.08,2388.17,9076.28,48.0,520.36,2388.17,8151.76,8.4936,396,38.63,23.2223,0
643.67,1598.08,1420.42,551.61,2388.12,9079.75,48.01,520.54,2388.18,8155.54,8.4902,396,38.55,23.173,0
643.23,1603.69,1428.6,552.28,2388.18,9075.72,48.0,520.29,2388.19,8149.02,8.4915,396,38.46,23.0919,0
643.45,1589.36,1421.07,552.13,2388.14,9084.08,48.02,520.51,2388.15,8152.02,8.5201,396,38.43,23.0442,0
643.72,1598.43,1429.24,551.58,2388.18,9078.44,48.11,520.08,2388.17,8148.97,8.5044,396,38.41,23.1306,1
643.47,1600.71,1418.55,552.17,2388.24,9075.21,47.95,520.51,2388.17,8151.55,8.5167,395,38.62,23.2134,1
643.32,1598.81,1425.71,551.84,2388.18,9090.3,48.15,519.85,2388.22,8156.73,8.5082,396,38.46,23.143,1
643.4,1607.53,1427.6,552.15,2388.19,9074.53,48.08,519.62,2388.21,8151.06,8.4776,397,38.45,23.2201,1
643.19,1594.66,1427.48,551.49,2388.26,9079.22,48.07,520.02,2388.14,8153.01,8.4971,396,38.59,23.1345,1
643.45,1597.05,1425.84,551.55,2388.22,9081.77,48.02,519.93,2388.23,8159.13,8.5062,397,38.42,22.9868,1
643.76,1601.4,1423.73,551.48,2388.22,9080.41,48.1,519.68,2388.2,8152.73,8.5285,396,38.51,23.0425,1
643.2,1601.34,1428.0,551.27,2388.26,9084.58,48.24,520.35,2388.2,8156.98,8.5108,394,38.51,23.116,1
643.42,1607.76,1428.14,552.12,2388.27,9084.54,48.03,519.68,2388.22,8156.39,8.4984,396,38.24,23.1008,1
644.13,1596.87,1422.36,551.14,2388.19,9084.0,48.12,520.18,2388.24,8150.26,8.5249,398,38.64,23.0364,1
643.95,1608.5,1438.96,552.03,2388.17,9079.75,48.05,519.87,2388.23,8155.1,8.5266,396,38.39,22.9435,2
642.4,1584.27,1403.72,554.81,2387.99,9071.34,47.13,522.49,2387.95,8150.67,8.3918,391,39.15,23.4142,0
642.57,1580.54,1398.95,554.31,2387.93,9068.79,47.2,522.53,2387.99,8155.6,8.3873,390,39.01,23.4461,0
641.83,1586.01,1396.16,554.86,2387.94,9072.93,47.03,522.4,2388.02,8156.34,8.4158,390,38.97,23.3814,0
642.51,1588.56,1399.46,554.81,2387.97,9074.0,47.21,522.43,2387.96,8159.99,8.3862,392,38.89,23.5169,0
642.43,1577.38,1402.37,554.54,2387.94,9068.84,47.45,522.16,2388.02,8153.01,8.4016,391,39.01,23.3457,0
642.25,1586.89,1394.36,554.91,2388.02,9068.47,47.14,522.52,2387.95,8149.79,8.3942,391,38.98,23.4869,0
642.59,1586.75,1394.63,554.3,2388.01,9076.48,47.24,522.55,2388.02,8152.54,8.4392,391,38.77,23.4211,0
641.75,1583.59,1397.04,554.83,2387.98,9071.25,47.22,522.6,2387.97,8143.72,8.4142,392,39.08,23.4394,0
642.48,1575.54,1393.75,554.93,2387.94,9077.86,47.33,522.57,2388.01,8150.72,8.3895,392,38.86,23.3374,0
642.19,1586.95,1395.36,554.75,2387.95,9077.97,47.26,522.29,2387.93,8154.64,8.4147,392,39.09,23.3871,0
642.04,1581.9,1395.97,554.93,2388.0,9064.09,47.21,521.71,2388.0,8151.27,8.3684,392,39.0,23.4111,0
642.23,1589.56,1401.5,554.55,2387.95,9074.9,47.22,522.52,2387.95,8149.41,8.402,393,39.0,23.4707,0
641.83,1580.03,1396.11,554.64,2388.04,9074.75,47.18,523.07,2388.02,8157.31,8.4204,391,38.95,23.4372,0
642.2,1578.76,1395.27,554.56,2387.99,9076.98,47.0,522.68,2388.0,8154.58,8.3869,392,38.98,23.463,0
642.15,1585.59,1399.03,555.12,2387.98,9068.15,47.34,521.74,2388.04,8152.81,8.3869,392,38.99,23.3841,0
642.28,1586.88,1396.88,554.87,2387.93,9068.3,47.22,522.23,2387.96,8150.84,8.3892,392,38.98,23.5026,0
642.06,1583.64,1406.43,554.16,2388.0,9070.49,47.06,522.62,2388.05,8152.64,8.3696,391,38.85,23.4428,0
642.47,1590.93,1400.46,554.32,2388.0,9067.69,47.2,522.26,2388.0,8158.15,8.4012,392,39.0,23.3411,0
641.91,1584.73,1390.08,554.84,2388.01,9070.81,47.15,522.32,2387.96,8151.07,8.3959,392,39.09,23.3803,0
642.11,1589.46,1394.04,554.0,2388.01,9071.12,47.33,521.62,2387.96,8149.96,8.3932,391,38.97,23.4737,0
642.23,1582.61,1396.32,554.12,2388.04,9079.16,47.15,522.02,2387.98,8149.71,8.3811,391,39.15,23.3855,0
642.64,1583.37,1404.5,553.71,2387.93,9072.85,47.14,522.33,2387.99,8154.55,8.387,391,39.12,23.4677,0
642.31,1590.53,1391.76,554.6,2387.97,9070.83,47.17,522.41,2388.02,8158.59,8.4418,391,38.92,23.3783,0
642.15,1583.11,1406.04,554.47,2388.0,9071.34,47.3,522.31,2388.01,8152.79,8.4091,393,38.96,23.3422,0
642.74,1581.95,1397.36,553.77,2387.97,9074.31,47.18,522.57,2387.99,8154.97,8.3803,392,39.09,23.4403,0
641.57,1586.48,1405.01,554.65,2387.99,9076.04,47.24,522.29,2388.0,8151.66,8.3997,392,39.16,23.4187,0
641.64,1587.1,1403.04,554.16,2387.99,9070.97,47.18,522.41,2387.97,8150.2,8.3762,391,39.01,23.5326,0
642.0,1588.32,1396.93,554.15,2387.99,9069.58,47.0,522.6,2388.02,8147.45,8.4205,392,39.12,23.3835,0
641.66,1586.43,1394.31,554.12,2388.0,9073.6,47.12,522.35,2387.96,8149.98,8.369,392,38.84,23.4971,0
641.87,1578.31,1398.59,554.54,2387.96,9073.33,47.25,522.51,2388.0,8149.15,8.3854,393,38.94,23.3643,0
641.99,1592.57,1401.2,554.35,2388.02,9075.67,47.09,522.1,2388.0,8153.18,8.4278,390,38.92,23.2955,0
642.83,1586.52,1395.14,555.01,2387.99,9080.29,47.26,522.09,2387.95,8147.43,8.4265,393,38.98,23.4345,0
642.15,1587.98,1395.86,555.55,2388.01,9068.15,47.25,522.58,2388.0,8154.57,8.3851,391,38.97,23.4007,0
642.1,1592.79,1394.74,554.88,2388.04,9078.64,47.25,522.47,2387.95,8148.39,8.3669,391,38.9,23.4692,0
642.21,1585.5,1400.39,553.55,2387.98,9074.8,47.23,522.22,2388.02,8153.12,8.4195,391,39.04,23.5263,0
642.04,1585.16,1397.19,554.61,2388.0,9079.73,47.21,522.41,2388.03,8151.94,8.4203,389,39.12,23.3833,0
641.71,1580.55,1403.56,554.06,2388.01,9066.42,47.12,522.26,2387.98,8155.47,8.3982,394,38.93,23.3336,0
642.21,1583.07,1401.91,554.7,2387.93,9074.13,47.21,522.53,2388.03,8152.47,8.4212,391,38.96,23.4666,0
641.98,1589.63,1392.69,554.23,2388.0,9074.44,47.18,522.39,2388.01,8152.8,8.4237,391,38.99,23.4472,0
642.08,1581.91,1400.18,554.53,2388.03,9069.2,47.15,522.25,2387.92,8154.85,8.4236,391,39.05,23.3772,0
642.24,1586.62,1400.5,554.2,2387.97,9069.24,47.42,522.64,2387.97,8153.24,8.3765,391,38.82,23.3982,0
642.32,1585.49,1396.96,553.89,2387.98,9069.85,47.13,522.65,2387.96,8152.29,8.3982,392,38.9,23.4523,0
642.17,1587.28,1401.41,554.97,2387.92,9071.84,47.14,522.6,2387.96,8152.4,8.3868,392,39.08,23.5111,0
642.07,1586.47,1394.7,553.98,2387.97,9074.08,47.09,522.27,2387.98,8145.36,8.4357,393,38.85,23.3458,0
642.15,1595.0,1398.05,554.16,2388.03,9079.61,47.23,522.57,2387.96,8160.05,8.3932,392,38.99,23.302,0
643.17,1588.53,1401.57,554.66,2388.02,9062.84,47.31,521.68,2388.03,8152.05,8.4015,393,38.92,23.4281,0
641.91,1581.36,1403.25,555.01,2387.99,9074.87,47.14,522.51,2388.0,8156.51,8.4099,391,39.06,23.3755,0
642.02,1590.0,1392.41,554.45,2388.01,9069.51,47.26,521.92,2388.02,8151.33,8.393,391,39.07,23.4273,0
642.18,1580.0,1403.24,553.76,2388.02,9062.9,47.24,522.28,2388.06,8149.36,8.4343,391,38.91,23.4004,0
641.62,1588.67,1404.79,554.23,2387.99,9072.56,47.47,522.37,2388.02,8155.53,8.3901,391,38.94,23.4344,0
642.69,1582.0,1403.06,554.51,2388.04,9072.97,47.23,522.43,2387.98,8146.61,8.386,393,38.9,23.3697,0
642.68,1579.54,1394.36,554.97,2388.03,9074.14,47.37,522.51,2388.02,8154.23,8.4097,392,39.07,23.3703,0
642.34,1586.75,1405.98,554.45,2388.01,9072.92,47.4,521.63,2387.96,8154.06,8.4051,391,38.73,23.4671,0
642.62,1585.88,1395.67,554.98,2388.03,9079.19,47.3,522.57,2388.02,8153.55,8.3898,392,39.0,23.4379,0
641.84,1584.92,1405.3,554.25,2387.97,9077.01,47.21,522.66,2388.07,8152.46,8.4216,392,38.96,23.2986,0
642.12,1586.36,1404.08,554.05,2388.01,9070.34,47.12,521.88,2387.99,8154.53,8.4091,392,39.03,23.419,0
642.23,1590.47,1407.04,554.29,2388.0,9074.2,47.3,521.97,2387.98,8152.93,8.4117,391,39.06,23.3349,0
642.46,1576.54,1406.97,553.94,2388.0,9065.63,47.31,521.87,2387.95,8149.03,8.4252,392,39.1,23.4298,0
642.11,1584.14,1402.79,554.23,2388.04,9069.23,47.41,522.06,2388.0,8145.97,8.4057,392,38.98,23.4285,0
642.43,1583.83,1401.7,554.56,2387.96,9071.75,47.28,521.72,2388.04,8152.56,8.4207,392,38.93,23.4548,0
641.93,1583.9,1397.41,554.28,2388.02,9072.21,47.42,522.11,2387.98,8151.77,8.3744,389,38.96,23.3939,0
642.66,1591.98,1399.12,554.09,2388.04,9069.02,47.31,522.0,2388.0,8155.37,8.4062,391,38.82,23.3384,0
642.07,1584.08,1395.48,554.46,2387.97,9058.36,47.32,522.33,2388.01,8151.11,8.4038,390,39.08,23.4599,0
642.49,1589.82,1400.19,554.36,2388.0,9076.76,47.25,522.7,2388.02,8152.16,8.4047,393,38.99,23.4297,0
642.39,1593.18,1407.63,553.17,2388.03,9074.89,47.11,521.91,2387.99,8153.75,8.4138,392,39.07,23.4085,0
641.96,1585.76,1396.07,554.12,2388.03,9078.16,47.29,521.51,2388.06,8158.91,8.3846,392,38.94,23.4591,0
641.87,1585.9,1396.55,554.89,2388.0,9074.27,47.27,522.27,2388.0,8148.59,8.4191,391,38.7,23.4329,0
642.58,1583.13,1398.97,554.56,2388.04,9072.54,47.21,522.62,2388.02,8154.91,8.4287,394,39.02,23.4152,0
642.62,1587.53,1395.54,554.43,2388.03,9068.4,47.31,522.0,2388.01,8156.75,8.3977,392,39.01,23.4174,0
642.25,1574.14,1395.88,554.24,2388.02,9075.99,47.33,522.34,2388.05,8154.02,8.4105,393,38.87,23.2702,0
642.72,1584.31,1398.68,554.32,2388.03,9068.0,47.32,522.01,2388.02,8150.82,8.3965,391,38.99,23.3141,0
642.51,1588.4,1404.83,553.97,2388.01,9070.99,47.33,522.15,2387.99,8160.53,8.4344,394,39.03,23.3482,0
642.32,1579.67,1399.45,554.46,2388.02,9074.6,47.06,522.59,2388.01,8151.28,8.4361,390,38.88,23.2875,0
642.39,1587.38,1397.47,553.85,2388.0,9069.21,47.29,522.67,2388.01,8149.34,8.4031,392,39.03,23.3897,0
642.09,1582.95,1403.37,554.38,2388.02,9077.66,47.28,521.76,2388.04,8153.58,8.4202,393,39.06,23.4048,0
642.41,1585.34,1395.56,553.7,2388.0,9068.63,47.31,522.01,2388.02,8152.43,8.4309,392,39.04,23.4298,0
642.98,1582.0,1407.11,553.99,2388.05,9076.65,47.27,522.1,2387.97,8155.54,8.4018,393,38.9,23.2682,0
642.05,1579.35,1395.71,554.51,2388.07,9074.31,47.33,522.03,2388.05,8153.43,8.3894,390,38.87,23.4792,0
642.3,1581.95,1399.75,554.33,2388.04,9073.85,47.35,521.95,2387.99,8155.67,8.4378,391,38.9,23.3391,0
642.6,1586.31,1399.13,553.95,2388.01,9077.19,47.22,522.34,2388.03,8150.75,8.4083,393,38.93,23.3247,0
642.16,1582.74,1403.49,554.57,2388.07,9068.24,47.29,521.96,2388.06,8149.63,8.4589,392,39.11,23.4124,0
642.78,1592.09,1403.76,554.35,2388.01,9073.74,47.3,521.61,2388.05,8156.61,8.4025,392,39.0,23.3066,0
642.68,1579.5,1410.41,554.71,2388.02,9075.82,47.28,521.52,2388.04,8153.28,8.4292,392,38.87,23.4168,0
642.02,1585.48,1397.54,553.65,2387.99,9072.28,47.49,522.13,2388.03,8156.15,8.4077,394,38.93,23.4171,0
641.77,1584.73,1401.11,554.19,2388.0,9077.11,47.33,522.28,2388.08,8156.42,8.4018,392,39.04,23.3316,0
642.6,1587.16,1409.26,554.04,2387.96,9074.73,47.34,521.57,2388.03,8150.99,8.4299,393,38.82,23.4274,0
642.13,1589.53,1402.91,553.54,2388.08,9077.44,47.18,522.16,2388.05,8156.88,8.4591,391,38.94,23.388,0
642.32,1586.83,1403.07,554.07,2388.02,9079.46,47.29,521.12,2388.02,8159.28,8.412,392,38.97,23.3189,0
642.41,1581.56,1400.39,553.74,2388.06,9071.17,47.31,521.91,2387.99,8155.7,8.4506,392,38.99,23.4733,0
642.14,1587.53,1401.74,553.81,2388.02,9078.87,47.53,521.94,2388.04,8146.89,8.425,393,38.86,23.3481,0
642.37,1591.12,1407.44,553.99,2388.09,9081.26,47.6,522.21,2387.97,8156.38,8.4346,393,38.82,23.3234,0
643.09,1585.68,1401.2,553.95,2388.05,9073.35,47.47,522.22,2388.03,8151.38,8.3917,391,38.96,23.4011,0
642.03,1590.02,1404.11,554.4,2388.01,9078.34,47.32,521.53,2388.08,8155.76,8.4119,391,38.87,23.3321,0
641.78,1584.07,1405.0,553.66,2388.03,9076.52,47.29,521.94,2388.06,8156.59,8.4066,391,38.89,23.4143,0
642.14,1590.07,1408.11,553.85,2388.01,9078.37,47.4,522.03,2388.04,8152.62,8.4164,392,38.88,23.3713,0
642.46,1585.39,1402.07,554.26,2388.03,9067.52,47.31,522.2,2388.02,8153.6,8.4238,394,38.89,23.3677,0
642.84,1578.81,1416.06,554.15,2388.04,9069.26,47.46,521.8,2388.11,8156.48,8.434,395,38.87,23.3329,0
642.84,1591.81,1402.65,553.38,2387.99,9079.36,47.44,521.92,2388.03,8156.1,8.4396,392,38.68,23.267,0
642.53,1591.41,1405.05,554.8,2388.07,9079.94,47.38,521.43,2388.04,8152.12,8.4595,394,38.87,23.3479,0
642.89,1591.7,1403.26,554.07,2388.06,9080.85,47.51,521.46,2387.97,8156.89,8.4319,395,38.71,23.299,0
642.58,1591.14,1408.92,553.9,2388.04,9071.98,47.5,521.37,2388.04,8161.11,8.4351,394,38.84,23.278,0
642.73,1591.97,1407.72,553.63,2388.08,9080.86,47.44,521.93,2388.02,8155.51,8.4191,393,39.0,23.3907,0
642.01,1591.76,1398.91,553.36,2388.06,9076.11,47.45,522.3,2388.09,8147.46,8.3856,393,38.88,23.2027,0
642.77,1590.06,1396.56,554.45,2388.02,9076.83,47.61,522.11,2388.1,8153.44,8.3956,393,38.7,23.2286,0
642.8,1592.17,1406.54,553.54,2388.09,9073.39,47.37,521.46,2388.06,8154.49,8.4226,393,39.02,23.3241,0
642.48,1585.6,1409.05,553.53,2388.05,9081.04,47.48,521.22,2388.09,8159.22,8.4638,392,38.73,23.1954,0
642.6,1587.39,1397.23,553.58,2387.97,9075.56,47.38,521.67,2388.05,8156.4,8.4508,393,38.89,23.2554,0
642.83,1596.88,1410.68,554.26,2388.05,9082.05,47.39,521.32,2388.04,8157.78,8.4465,392,38.95,23.2815,0
642.63,1588.53,1405.34,553.92,2388.08,9082.27,47.35,521.66,2388.08,8157.53,8.4216,392,38.83,23.2282,0
642.43,1592.76,1397.98,553.68,2388.1,9079.21,47.5,521.83,2388.04,8158.54,8.4521,394,38.87,23.3524,0
642.73,1592.62,1405.0,553.83,2388.05,9081.13,47.42,521.23,2388.1,8152.87,8.3702,392,38.82,23.2946,0
642.75,1589.28,1412.62,554.34,2388.07,9075.66,47.24,521.2,2388.03,8156.27,8.4468,393,38.93,23.3373,0
642.61,1596.68,1408.3,554.6,2388.11,9077.37,47.48,521.43,2388.08,8155.87,8.3983,393,38.85,23.2184,0
642.77,1588.77,1415.25,553.98,2388.05,9081.62,47.54,521.37,2388.09,8163.4,8.4353,393,38.62,23.2688,0
642.37,1591.74,1408.69,553.58,2388.07,9071.97,47.48,520.65,2388.04,8151.08,8.4043,392,38.84,23.2171,0
643.5,1590.02,1410.1,553.26,2388.08,9081.53,47.5,521.24,2388.08,8156.89,8.4404,395,39.11,23.354,0
642.77,1593.86,1405.87,553.47,2388.1,9076.75,47.43,521.7,2388.06,8162.54,8.4499,394,38.88,23.3067,0
642.34,1594.66,1411.91,552.67,2388.07,9077.11,47.6,520.97,2388.07,8159.07,8.4546,393,38.59,23.2377,0
642.7,1593.11,1409.28,553.29,2388.09,9075.14,47.6,521.34,2388.05,8154.04,8.3939,393,38.64,23.3484,0
642.61,1590.46,1411.55,552.47,2388.04,9077.02,47.45,521.48,2388.08,8158.59,8.4351,393,38.8,23.2702,0
642.58,1585.67,1410.42,552.3,2388.07,9080.91,47.48,521.55,2388.07,8161.53,8.4685,393,38.94,23.2883,0
643.23,1594.62,1412.71,553.88,2388.09,9080.9,47.54,520.54,2388.07,8156.17,8.4408,394,38.94,23.3446,0
642.7,1591.27,1414.6,552.59,2388.09,9082.27,47.57,521.33,2388.08,8157.38,8.4785,394,38.74,23.1985,0
642.56,1591.61,1411.03,552.59,2388.03,9083.98,47.49,522.0,2388.12,8156.54,8.4639,395,38.93,23.2577,0
642.4,1596.69,1407.79,553.08,2388.07,9076.55,47.66,521.38,2388.09,8153.38,8.455,394,38.78,23.2734,0
643.0,1592.58,1410.67,553.49,2388.14,9082.73,47.6,521.4,2388.09,8157.24,8.4616,393,38.78,23.1851,0
642.58,1591.46,1408.21,552.81,2388.09,9081.53,47.71,521.84,2388.11,8155.81,8.4754,394,38.66,23.3873,0
642.59,1602.34,1412.73,553.48,2388.09,9083.23,47.71,521.2,2388.06,8160.78,8.4759,394,38.8,23.2549,0
643.41,1592.32,1407.04,552.35,2388.05,9075.13,47.57,520.91,2388.05,8157.31,8.4692,395,38.57,23.1598,0
642.48,1589.37,1407.96,553.14,2388.12,9082.35,47.71,520.86,2388.1,8158.1,8.4442,394,38.6,23.1769,0
642.72,1589.95,1420.19,552.55,2388.1,9080.63,47.77,520.87,2388.11,8154.07,8.4473,394,38.77,23.2336,0
642.88,1594.96,1424.87,553.03,2388.07,9082.57,47.59,520.66,2388.06,8160.04,8.4754,395,38.84,23.3358,0
642.68,1590.71,1411.52,552.78,2388.15,9082.44,47.7,520.86,2388.14,8159.77,8.4898,394,38.67,23.23,0
643.25,1594.86,1411.83,552.68,2388.07,9088.16,47.79,521.08,2388.13,8154.45,8.4388,395,38.67,23.1541,0
642.76,1589.9,1412.63,552.17,2388.13,9085.26,47.72,520.51,2388.1,8159.2,8.449,396,38.77,23.198,0
642.76,1594.54,1419.31,553.04,2388.11,9083.38,47.87,520.54,2388.11,8159.78,8.4652,394,38.6,23.2626,0
643.2,1593.87,1422.48,553.69,2388.08,9084.08,47.8,520.84,2388.12,8163.37,8.4798,394,38.46,23.1692,0
643.42,1597.93,1421.47,552.52,2388.1,9083.26,47.77,520.57,2388.12,8156.35,8.4477,394,38.7,23.1931,0
642.94,1595.91,1420.45,552.61,2388.18,9081.3,48.02,520.22,2388.15,8158.99,8.4918,395,38.53,23.1876,0
642.94,1593.51,1416.68,552.04,2388.13,9088.53,47.91,520.62,2388.16,8161.29,8.5007,396,38.63,23.1017,0
643.94,1599.46,1412.57,552.14,2388.18,9083.55,47.96,520.57,2388.15,8164.69,8.4508,395,38.75,23.1627,0
643.05,1603.39,1421.87,551.93,2388.2,9086.14,47.85,520.25,2388.11,8159.61,8.4966,393,38.44,23.1131,0
643.2,1597.22,1421.25,553.0,2388.16,9089.16,47.8,521.01,2388.14,8161.28,8.462,394,38.72,23.1914,0
642.92,1595.77,1415.1,552.44,2388.16,9087.42,47.92,520.49,2388.13,8167.86,8.4885,395,38.61,23.195,0
643.03,1603.58,1422.74,551.63,2388.15,9086.37,48.01,520.06,2388.15,8164.1,8.5092,395,38.51,23.1288,0
642.82,1597.71,1426.24,552.01,2388.2,9092.16,47.97,520.09,2388.22,8162.01,8.4907,395,38.58,23.2119,0
643.18,1596.71,1426.02,552.35,2388.15,9084.75,47.98,519.94,2388.2,8160.11,8.4791,395,38.61,23.1206,0
642.91,1599.65,1420.69,551.33,2388.2,9085.29,47.99,520.15,2388.19,8153.83,8.495,396,38.46,23.142,1
644.02,1599.97,1423.59,552.53,2388.13,9090.23,48.12,520.02,2388.21,8158.12,8.4827,395,38.61,23.0352,1
643.49,1604.24,1425.67,551.64,2388.15,9086.25,47.95,520.08,2388.18,8160.48,8.5046,396,38.53,22.9991,1
643.39,1600.49,1423.71,551.73,2388.18,9085.0,47.74,519.86,2388.17,8160.21,8.4864,395,38.65,23.044,1
643.42,1602.13,1424.4,552.09,2388.16,9092.08,48.1,520.15,2388.13,8156.48,8.5208,393,38.64,22.9761,1
643.34,1596.16,1431.16,551.55,2388.17,9097.89,48.12,520.19,2388.25,8160.53,8.4816,395,38.52,23.0736,1
643.46,1601.63,1423.22,551.3,2388.19,9087.85,48.06,519.52,2388.2,8163.2,8.5111,395,38.58,23.06,1
643.07,1604.21,1430.01,551.31,2388.19,9098.38,47.97,519.79,2388.23,8162.68,8.5521,395,38.35,23.0156,1
643.6,1603.98,1431.6,551.9,2388.17,9090.97,48.35,520.09,2388.21,8159.13,8.5271,395,38.49,23.1502,1
644.07,1597.36,1432.96,551.11,2388.24,9098.48,48.18,519.37,2388.19,8167.85,8.5358,397,38.4,23.1416,1
643.7,1598.55,1437.88,551.59,2388.23,9095.15,48.29,519.83,2388.23,8160.09,8.5497,396,38.22,23.0342,2
642.37,1597.38,1391.37,553.92,2388.04,9063.04,47.2,522.42,2388.01,8137.89,8.4154,391,39.13,23.3629,0
641.63,1581.33,1409.91,554.36,2388.03,9057.81,47.18,522.65,2388.03,8140.05,8.3768,390,39.03,23.4022,0
642.33,1578.91,1397.54,553.62,2387.98,9056.65,47.33,522.53,2387.99,8142.08,8.3959,392,39.15,23.3871,0
642.0,1583.15,1396.42,555.05,2388.01,9067.27,47.19,522.21,2388.04,8146.28,8.4058,391,39.11,23.4367,0
641.83,1586.45,1398.25,553.8,2388.0,9057.52,47.15,522.35,2387.95,8140.86,8.3923,392,39.06,23.4273,0
642.42,1585.59,1400.48,554.65,2388.03,9055.37,46.97,522.35,2387.98,8146.62,8.4055,392,39.0,23.431,0
641.93,1584.73,1398.44,554.13,2388.06,9049.47,47.22,522.3,2388.01,8144.67,8.3926,391,39.18,23.4234,0
642.07,1592.24,1402.27,554.05,2388.0,9067.84,47.16,522.32,2388.05,8139.77,8.4,392,39.12,23.361,0
641.96,1575.2,1400.12,554.9,2387.96,9063.14,47.07,522.59,2387.97,8143.89,8.3744,392,39.03,23.4635,0
641.89,1584.45,1400.74,554.38,2388.02,9055.43,47.04,522.28,2388.02,8140.02,8.414,392,39.11,23.4381,0
642.35,1580.72,1392.87,554.11,2388.02,9057.08,47.21,522.13,2387.97,8143.31,8.4321,392,39.0,23.3922,0
642.27,1579.14,1396.65,553.88,2388.04,9064.49,47.16,522.19,2387.99,8141.03,8.3862,392,38.98,23.4034,0
641.96,1578.4,1395.55,554.66,2388.02,9057.01,47.2,522.63,2387.98,8140.44,8.4539,391,39.0,23.4838,0
642.44,1590.72,1398.12,553.78,2388.04,9063.34,47.2,523.11,2388.02,8137.36,8.4041,392,39.17,23.4927,0
642.53,1595.76,1394.38,554.34,2388.02,9061.9,47.35,522.53,2387.95,8142.46,8.4215,390,39.03,23.4216,0
642.43,1580.42,1393.89,554.62,2388.02,9062.13,47.15,522.46,2387.98,8143.26,8.3871,391,39.11,23.402,0
641.81,1582.04,1400.88,553.93,2388.01,9057.02,47.16,522.71,2387.99,8141.34,8.3976,391,38.96,23.4,0
642.48,1577.11,1406.51,555.06,2388.06,9062.05,47.3,522.61,2388.03,8139.89,8.3903,392,38.8,23.3161,0
642.22,1586.32,1399.89,553.74,2387.96,9058.52,47.14,522.21,2388.06,8141.78,8.3757,392,39.08,23.5207,0
641.98,1578.05,1396.41,554.42,2388.0,9056.82,47.23,522.31,2387.99,8140.56,8.3636,393,39.04,23.4623,0
641.66,1593.58,1400.84,554.67,2388.05,9054.32,47.22,522.15,2387.99,8140.16,8.4179,393,38.84,23.4118,0
642.2,1589.03,1396.03,554.97,2388.02,9057.12,47.12,522.42,2388.02,8134.46,8.4078,393,38.96,23.4641,0
642.09,1577.46,1393.88,554.33,2387.97,9054.54,47.13,522.87,2388.01,8142.43,8.4198,391,38.89,23.4135,0
641.54,1586.69,1406.26,554.31,2388.03,9051.35,47.26,522.39,2388.01,8148.63,8.3962,393,38.87,23.4752,0
641.9,1583.38,1399.16,554.18,2388.02,9058.81,47.36,522.76,2387.94,8147.42,8.372,393,39.15,23.5212,0
642.09,1581.7,1397.53,554.09,2388.04,9052.05,47.25,522.51,2388.04,8141.89,8.3991,392,39.02,23.3939,0
642.75,1582.76,1395.56,554.84,2388.06,9059.07,47.21,522.36,2388.02,8141.68,8.4032,390,38.9,23.4244,0
641.25,1584.57,1400.69,554.85,2387.98,9059.0,47.13,522.55,2388.06,8142.12,8.3893,392,39.11,23.4039,0
642.19,1577.07,1398.68,554.35,2388.02,9059.82,47.13,521.76,2388.03,8144.92,8.4077,392,39.13,23.485,0
642.33,1578.99,1397.7,554.34,2388.01,9058.95,47.16,522.36,2388.0,8141.86,8.406,392,39.14,23.4362,0
642.35,1586.94,1396.89,554.66,2388.02,9058.14,47.05,522.3,2388.04,8134.38,8.3797,392,39.16,23.3133,0
641.39,1584.24,1403.01,554.53,2388.02,9056.41,47.14,522.52,2388.02,8148.08,8.4222,392,39.08,23.3657,0
642.32,1586.57,1400.78,554.86,2387.99,9055.39,47.26,522.41,2387.98,8140.48,8.3948,391,39.04,23.3739,0
642.28,1584.32,1390.82,554.62,2387.98,9060.24,47.16,522.34,2388.03,8138.73,8.378,391,39.03,23.3771,0
641.91,1585.18,1396.24,554.76,2387.98,9064.02,47.21,522.72,2388.06,8138.38,8.4236,392,39.16,23.4367,0
642.14,1582.79,1398.65,554.65,2388.01,9060.26,47.37,522.28,2387.99,8136.86,8.4049,391,38.96,23.4498,0
642.44,1589.08,1399.04,554.37,2387.97,9064.85,47.13,522.39,2388.04,8139.44,8.3863,391,39.14,23.4994,0
641.8,1592.73,1398.42,554.09,2387.99,9064.66,47.11,522.35,2388.01,8145.08,8.4093,391,39.01,23.361,0
642.51,1587.55,1400.02,553.54,2388.0,9059.85,47.16,522.85,2388.02,8142.67,8.3806,392,38.95,23.4235,0
642.26,1582.52,1402.52,554.6,2388.01,9052.98,47.13,522.81,2387.97,8137.32,8.4034,392,39.0,23.4005,0
642.06,1586.78,1402.66,553.82,2388.04,9055.5,47.19,522.0,2387.99,8132.46,8.4117,392,39.11,23.437,0
642.58,1580.61,1402.43,555.52,2388.04,9057.95,47.14,522.59,2388.01,8136.29,8.4056,391,38.95,23.3629,0
641.91,1587.01,1398.94,554.43,2388.03,9054.4,47.17,522.04,2388.0,8137.39,8.4038,390,39.17,23.5208,0
642.1,1585.31,1400.49,554.9,2387.98,9061.58,47.44,522.32,2388.04,8137.85,8.3807,391,38.85,23.427,0
642.03,1582.99,1397.49,554.82,2388.0,9056.6,47.16,522.39,2387.95,8142.3,8.3736,392,39.03,23.4351,0
642.31,1585.1,1403.21,553.85,2388.04,9058.95,47.13,521.72,2388.05,8140.63,8.3888,390,39.2,23.4145,0
642.1,1587.82,1394.22,554.52,2388.04,9054.49,47.2,522.36,2388.04,8140.56,8.4278,393,38.95,23.4633,0
641.72,1586.79,1396.17,554.18,2388.08,9058.78,47.24,522.43,2388.02,8140.86,8.4034,391,39.08,23.505,0
642.19,1584.21,1402.59,554.75,2388.06,9061.49,47.24,522.66,2387.98,8142.27,8.4296,393,38.94,23.4069,0
641.88,1583.42,1399.0,554.32,2388.01,9061.67,47.34,521.85,2388.0,8142.49,8.4445,390,38.99,23.3023,0
642.52,1585.09,1397.22,555.13,2388.0,9061.15,47.2,522.15,2388.0,8139.46,8.428,392,39.12,23.4149,0
641.98,1584.31,1402.92,554.59,2388.01,9056.88,47.26,522.22,2388.0,8140.83,8.3764,392,39.1,23.4191,0
641.49,1586.15,1393.6,554.33,2388.04,9056.28,47.31,521.84,2387.95,8136.91,8.4132,391,39.1,23.3947,0
641.79,1585.71,1403.39,554.83,2388.03,9073.82,47.19,521.58,2388.03,8146.28,8.4257,391,38.91,23.3755,0
641.58,1587.89,1399.69,554.8,2388.01,9061.45,47.28,522.08,2388.01,8139.52,8.3781,391,39.03,23.3852,0
641.85,1583.58,1392.32,553.72,2387.96,9058.45,47.34,522.27,2388.01,8140.97,8.4136,391,38.87,23.4338,0
641.39,1577.48,1396.11,554.91,2387.98,9064.05,47.19,522.65,2387.98,8144.0,8.4312,392,38.98,23.3452,0
641.87,1587.2,1394.52,554.1,2388.02,9058.52,47.01,522.56,2387.97,8136.39,8.3996,392,39.05,23.3554,0
642.26,1593.24,1398.98,554.62,2388.05,9059.68,47.15,522.69,2388.01,8142.08,8.3855,393,39.04,23.4432,0
642.27,1591.28,1394.38,553.38,2388.0,9054.93,47.22,522.68,2388.05,8142.65,8.3936,391,38.95,23.5082,0
642.06,1575.38,1396.3,554.02,2388.07,9063.35,47.33,522.21,2387.99,8143.37,8.3987,392,39.08,23.3564,0
642.55,1583.99,1396.19,554.93,2388.03,9059.58,47.26,522.2,2388.02,8149.48,8.3672,392,39.21,23.4079,0
641.74,1588.73,1397.2,554.92,2387.98,9060.93,47.17,522.71,2388.03,8141.73,8.3875,392,38.93,23.4825,0
642.02,1579.38,1393.84,554.16,2388.02,9063.85,47.17,522.65,2387.99,8136.95,8.4214,389,39.15,23.4313,0
642.41,1580.93,1403.07,553.97,2388.05,9060.5,47.06,522.56,2388.02,8141.47,8.431,391,38.92,23.4221,0
642.06,1582.64,1397.46,554.29,2388.04,9066.32,47.29,521.91,2388.01,8143.12,8.3816,391,39.06,23.3565,0
642.16,1586.12,1407.56,553.55,2388.05,9049.32,47.33,522.53,2388.01,8139.79,8.4051,392,38.99,23.4361,0
642.06,1581.71,1395.15,554.45,2388.06,9060.4,47.19,522.19,2387.95,8144.48,8.3639,390,38.99,23.4764,0
641.88,1581.09,1395.81,554.3,2388.04,9059.13,47.33,522.18,2388.04,8144.02,8.4124,391,38.83,23.4367,0
642.03,1596.28,1400.05,554.94,2388.01,9057.66,46.99,522.8,2387.96,8140.13,8.4089,392,39.0,23.3993,0
642.22,1579.76,1399.9,554.91,2388.04,9057.89,47.3,522.08,2388.02,8142.88,8.4163,392,38.91,23.3726,0
642.15,1589.85,1398.18,554.79,2387.98,9056.23,47.37,521.97,2387.98,8136.08,8.393,391,38.86,23.3318,0
642.67,1587.78,1406.88,554.82,2387.98,9065.99,47.12,522.3,2388.08,8144.54,8.4226,392,38.97,23.4898,0
641.8,1588.06,1408.11,553.81,2388.02,9053.02,47.04,521.83,2387.99,8142.38,8.3945,393,39.01,23.2357,0
642.34,1586.19,1403.82,554.8,2388.02,9062.57,47.07,522.05,2387.99,8140.39,8.3922,391,38.89,23.5176,0
642.15,1583.52,1399.72,554.94,2387.98,9054.07,47.05,522.4,2388.01,8142.05,8.4117,391,38.91,23.4025,0
642.25,1583.0,1396.77,554.76,2388.0,9058.98,47.31,522.06,2388.0,8141.0,8.3493,393,39.04,23.4126,0
642.34,1582.61,1396.5,555.11,2387.99,9056.35,47.23,522.13,2388.04,8144.3,8.3787,391,39.07,23.441,0
642.56,1586.46,1399.42,554.8,2388.02,9058.01,47.28,522.3,2388.06,8143.03,8.3866,392,38.78,23.4919,0
642.28,1584.89,1396.54,554.02,2388.06,9057.38,47.25,522.26,2387.98,8139.3,8.4097,392,39.02,23.4484,0
642.45,1583.75,1407.25,554.8,2388.07,9056.13,47.16,522.53,2388.05,8134.27,8.4213,392,39.03,23.3395,0
641.85,1578.57,1401.64,554.67,2388.03,9061.87,47.26,522.48,2388.02,8142.83,8.4054,392,38.9,23.4499,0
642.81,1585.51,1402.18,554.29,2388.05,9061.75,47.33,522.36,2387.99,8137.87,8.394,392,39.07,23.3118,0
642.56,1586.77,1397.6,553.89,2388.0,9055.0,47.39,521.86,2388.03,8146.31,8.4105,390,39.1,23.297,0
642.2,1583.17,1401.49,554.56,2387.97,9053.83,47.15,522.14,2388.03,8144.18,8.3803,392,39.02,23.4152,0
642.01,1585.1,1401.22,553.9,2387.99,9061.72,47.13,522.1,2388.01,8139.78,8.3626,393,38.9,23.3292,0
642.09,1577.48,1397.32,554.08,2388.01,9067.01,47.14,522.21,2388.03,8142.67,8.4056,390,39.0,23.2666,0
642.17,1584.29,1402.9,554.49,2387.99,9059.92,47.09,522.31,2387.99,8141.52,8.4446,392,39.04,23.4295,0
641.94,1585.92,1400.32,554.48,2388.02,9057.27,47.25,522.03,2388.04,8143.38,8.3874,391,38.96,23.418,0
642.26,1583.33,1397.15,554.9,2388.0,9058.08,47.32,522.06,2388.0,8138.33,8.4117,392,38.98,23.4245,0
642.2,1582.65,1395.06,554.31,2387.99,9059.8,47.28,521.61,2388.07,8137.13,8.4373,392,38.96,23.3558,0
642.17,1586.37,1391.34,553.51,2387.96,9057.2,47.33,522.18,2388.02,8139.71,8.4096,393,38.89,23.4494,0
641.77,1583.12,1399.69,554.0,2388.01,9054.91,47.21,522.18,2388.04,8140.76,8.4084,392,38.83,23.3974,0
641.63,1582.07,1399.85,554.06,2388.02,9059.23,47.49,522.11,2388.04,8139.96,8.3899,392,39.04,23.3005,0
641.95,1589.76,1391.34,554.28,2388.0,9054.98,47.12,522.44,2388.03,8140.47,8.392,392,38.95,23.4605,0
642.35,1584.95,1395.81,553.89,2388.04,9060.66,47.38,522.3,2387.96,8140.81,8.4068,390,38.98,23.4058,0
642.25,1589.59,1400.53,554.61,2388.01,9049.64,47.13,521.88,2388.05,8141.08,8.3642,393,39.0,23.3348,0
642.45,1582.07,1401.72,554.1,2388.06,9058.6,47.36,522.27,2387.98,8141.34,8.3901,391,38.95,23.3921,0
642.12,1583.66,1395.97,554.2,2388.08,9058.63,47.29,522.17,2388.05,8140.95,8.4466,391,39.02,23.4395,0
642.09,1589.3,1400.26,554.1,2388.0,9057.93,47.26,522.32,2388.05,8145.34,8.3898,392,39.05,23.4893,0
642.25,1584.69,1402.98,554.96,2387.98,9064.03,47.31,521.59,2388.01,8138.27,8.4166,391,39.01,23.402,0
642.14,1589.9,1401.17,554.7,2388.03,9054.08,47.24,522.66,2388.02,8139.34,8.3912,391,39.15,23.3576,0
642.31,1589.09,1399.28,554.16,2388.01,9055.95,47.31,521.75,2388.03,8136.66,8.4073,392,39.11,23.415,0
642.33,1586.11,1398.41,554.85,2388.02,9060.42,47.22,521.69,2388.02,8141.37,8.3629,391,39.18,23.3154,0
642.06,1581.5,1403.97,553.93,2388.08,9060.87,47.15,521.6,2388.01,8142.52,8.4275,391,39.0,23.3966,0
642.56,1588.31,1404.25,554.16,2388.05,9055.11,47.43,521.92,2388.01,8140.16,8.4221,392,38.9,23.4498,0
642.09,1585.39,1403.38,554.71,2388.06,9057.05,47.25,521.87,2388.02,8139.85,8.4037,392,38.8,23.322,0
642.3,1584.56,1396.58,554.3,2388.03,9065.47,47.34,522.47,2388.1,8145.32,8.4204,393,39.15,23.4501,0
642.17,1584.41,1402.55,554.12,2388.06,9056.69,47.47,522.06,2388.1,8143.94,8.4433,390,39.0,23.3571,0
642.03,1589.15,1406.25,554.23,2388.02,9068.88,47.13,522.0,2388.04,8141.25,8.3737,393,38.85,23.3725,0
641.86,1578.0,1409.16,554.85,2388.03,9055.15,47.08,522.17,2388.09,8143.54,8.3892,394,39.17,23.3686,0
642.11,1588.49,1405.23,553.52,2388.04,9052.49,47.32,522.33,2388.03,8141.14,8.4228,392,38.85,23.3221,0
642.87,1579.88,1398.14,554.22,2388.01,9062.32,47.45,522.31,2387.99,8139.62,8.405,391,38.97,23.4215,0
642.41,1584.35,1403.2,554.18,2388.03,9057.24,47.26,522.21,2388.01,8142.93,8.4067,392,38.99,23.4489,0
642.06,1580.11,1396.37,553.86,2388.06,9051.95,47.46,521.87,2388.03,8137.15,8.4094,392,38.67,23.4419,0
642.12,1576.85,1396.1,554.75,2388.04,9057.68,47.28,521.71,2388.11,8143.14,8.4316,392,38.93,23.3224,0
641.61,1590.28,1399.41,553.77,2388.04,9056.82,47.38,521.64,2388.03,8138.28,8.4092,392,38.9,23.4433,0
642.82,1585.61,1403.76,553.71,2388.05,9060.45,47.27,522.19,2387.98,8144.58,8.4099,394,38.94,23.237,0
642.36,1580.69,1403.84,553.26,2388.0,9056.51,47.39,522.01,2388.07,8138.85,8.406,392,38.84,23.3283,0
642.22,1589.39,1402.52,553.91,2388.03,9057.94,47.36,522.14,2388.05,8142.0,8.4207,391,38.97,23.3124,0
643.06,1588.51,1403.22,553.87,2388.01,9063.61,47.28,522.07,2388.02,8141.2,8.41,395,39.17,23.4114,0
642.32,1590.31,1402.71,554.02,2388.05,9059.45,47.29,521.58,2388.07,8139.26,8.411,393,39.03,23.3797,0
642.24,1585.83,1404.42,553.66,2388.05,9060.72,47.41,522.22,2388.07,8136.81,8.4331,392,38.92,23.3296,0
642.34,1591.26,1397.0,554.4,2388.07,9061.42,47.3,522.16,2388.05,8139.73,8.4279,390,38.85,23.3832,0
642.07,1585.72,1397.6,554.1,2388.09,9066.73,47.17,521.69,2388.07,8138.63,8.4307,391,39.11,23.2527,0
642.47,1584.82,1401.24,554.05,2388.07,9059.63,47.34,522.22,2388.01,8142.74,8.3877,393,38.85,23.3214,0
642.57,1576.26,1398.11,553.99,2388.05,9054.58,47.17,522.28,2388.01,8139.11,8.4641,392,39.08,23.3481,0
642.07,1591.44,1401.05,554.47,2388.02,9060.23,47.29,522.12,2388.01,8138.25,8.4186,391,38.83,23.3598,0
642.06,1588.78,1401.19,554.45,2388.08,9061.19,47.22,521.17,2388.05,8143.35,8.434,391,38.85,23.402,0
642.12,1585.19,1401.71,553.65,2388.04,9059.13,47.29,521.91,2388.04,8137.32,8.3919,393,39.04,23.212,0
642.65,1590.0,1402.75,553.69,2388.02,9058.74,47.35,522.09,2388.0,8142.95,8.3925,391,38.99,23.4089,0
642.36,1593.0,1399.16,554.46,2388.09,9058.48,47.26,521.69,2388.06,8134.18,8.3925,393,38.81,23.3511,0
642.32,1587.8,1402.53,553.85,2387.98,9055.74,47.29,522.34,2388.02,8142.07,8.418,392,38.94,23.2599,0
642.48,1584.94,1397.17,554.17,2388.1,9060.95,47.31,521.79,2388.03,8138.41,8.391,393,38.77,23.4341,0
642.46,1581.75,1400.67,553.71,2388.05,9062.22,47.29,522.29,2388.07,8146.17,8.3862,392,38.95,23.3298,0
642.74,1589.92,1398.29,554.14,2388.0,9059.0,47.3,521.68,2388.06,8138.26,8.3827,392,39.03,23.3075,0
642.35,1584.34,1394.91,553.77,2388.01,9061.74,47.34,521.95,2388.01,8136.68,8.4261,392,38.86,23.3635,0
642.21,1581.99,1399.29,554.22,2388.01,9053.81,47.41,521.78,2388.08,8144.75,8.4179,394,39.11,23.4079,0
642.23,1578.2,1398.9,554.38,2388.03,9057.99,47.35,522.26,2388.07,8143.31,8.4434,392,38.95,23.358,0
642.49,1585.37,1402.27,554.1,2388.08,9063.03,47.43,521.92,2387.99,8138.68,8.3996,391,38.89,23.4183,0
642.32,1588.41,1399.21,553.86,2388.11,9057.14,47.39,521.65,2388.08,8138.24,8.4176,392,39.06,23.4283,0
642.58,1597.06,1404.14,554.62,2388.05,9065.38,47.29,522.17,2388.05,8141.83,8.4413,393,39.0,23.3789,0
642.42,1576.86,1410.27,554.41,2388.03,9055.04,47.32,521.98,2388.03,8139.21,8.4076,391,38.99,23.306,0
642.39,1585.54,1398.11,554.08,2388.0,9061.27,47.32,521.82,2388.03,8141.47,8.4529,392,38.91,23.3589,0
642.41,1583.38,1402.98,553.37,2388.06,9056.31,47.5,522.48,2388.04,8138.55,8.422,394,38.9,23.2635,0
642.87,1585.59,1400.02,553.48,2388.06,9051.09,47.17,521.65,2388.02,8133.43,8.4148,393,38.92,23.2654,0
642.63,1587.11,1400.17,553.61,2388.1,9062.11,47.49,521.81,2388.06,8143.02,8.4295,392,38.88,23.367,0
641.98,1586.2,1391.66,553.69,2388.08,9063.75,47.41,522.39,2388.08,8145.36,8.4126,393,39.02,23.3815,0
642.27,1599.0,1407.4,553.13,2388.08,9062.18,47.2,521.73,2388.06,8138.8,8.44,393,39.0,23.4244,0
642.53,1588.86,1405.9,554.48,2388.06,9056.77,47.61,521.88,2388.03,8142.17,8.3967,393,38.94,23.4362,0
642.59,1591.88,1399.71,554.14,2388.05,9056.38,47.37,521.32,2388.08,8141.19,8.4208,391,38.9,23.3098,0
642.19,1589.74,1406.12,553.91,2388.06,9063.32,47.62,521.34,2388.08,8136.47,8.4533,392,38.85,23.3182,0
642.38,1592.88,1398.14,553.5,2388.04,9059.76,47.58,522.04,2388.09,8140.67,8.3802,392,39.06,23.3956,0
642.44,1581.87,1402.48,554.15,2388.1,9063.87,47.44,521.8,2388.09,8138.97,8.4453,393,38.89,23.4027,0
642.82,1584.59,1407.71,553.29,2388.1,9053.83,47.47,522.04,2388.13,8135.05,8.4148,393,38.74,23.3113,0
642.15,1582.61,1406.28,553.43,2388.07,9061.27,47.28,521.65,2388.11,8139.34,8.4433,393,38.95,23.4514,0
642.41,1585.54,1408.52,553.75,2388.06,9055.99,47.41,521.78,2388.09,8133.51,8.4057,393,38.98,23.3122,0
642.65,1584.83,1398.19,553.94,2388.04,9054.0,47.54,521.43,2388.07,8139.3,8.4519,391,38.83,23.2787,0
642.45,1584.8,1406.27,554.21,2388.02,9066.24,47.45,521.65,2388.04,8137.58,8.3813,392,38.75,23.4059,0
642.22,1590.53,1404.36,553.72,2388.05,9055.21,47.4,521.66,2388.04,8136.15,8.4205,393,38.81,23.328,0
642.21,1589.13,1409.91,553.9,2388.09,9053.11,47.46,522.15,2388.06,8137.15,8.4161,392,38.8,23.331,0
642.35,1584.18,1403.82,553.33,2388.09,9059.61,47.55,522.0,2388.05,8140.09,8.4127,393,38.86,23.3498,0
642.54,1591.17,1403.75,553.44,2388.06,9058.78,47.35,521.96,2388.09,8139.77,8.4454,394,39.01,23.3471,0
642.51,1592.86,1406.39,553.92,2388.08,9064.28,47.27,521.76,2388.13,8141.84,8.4037,394,38.84,23.3656,0
641.79,1591.36,1406.71,553.8,2388.05,9060.84,47.54,521.49,2388.11,8145.36,8.4254,393,38.87,23.3645,0
642.28,1589.3,1413.01,553.64,2388.07,9060.18,47.49,521.6,2388.11,8144.62,8.4128,392,38.94,23.4135,0
642.78,1589.49,1410.44,553.95,2388.1,9050.57,47.49,522.22,2388.08,8138.09,8.4458,394,38.82,23.3903,0
642.36,1581.13,1402.62,553.5,2388.08,9060.2,47.29,522.16,2388.07,8134.63,8.3989,392,38.92,23.3384,0
642.59,1589.57,1412.88,553.42,2388.09,9061.79,47.43,521.22,2388.09,8139.7,8.4368,393,38.95,23.1819,0
641.97,1584.25,1401.72,554.05,2388.01,9065.48,47.57,522.16,2388.09,8138.85,8.4206,393,38.96,23.3698,0
642.08,1585.77,1399.5,554.26,2388.05,9059.04,47.3,521.67,2388.01,8139.63,8.4138,393,38.95,23.325,0
642.8,1591.14,1400.21,553.46,2388.09,9063.83,47.33,520.96,2388.12,8135.69,8.4547,392,38.81,23.3427,0
642.45,1590.03,1407.57,553.79,2388.13,9057.5,47.62,521.6,2388.12,8142.69,8.4195,392,38.75,23.402,0
642.67,1590.89,1405.46,554.04,2388.06,9065.96,47.65,521.3,2388.1,8143.97,8.4364,394,38.58,23.3459,0
642.45,1592.7,1410.57,553.66,2388.05,9057.99,47.6,521.94,2388.09,8141.77,8.4555,392,39.02,23.335,0
642.93,1592.43,1406.87,554.03,2388.12,9060.81,47.56,521.53,2388.09,8134.99,8.4429,393,38.81,23.3313,0
642.52,1595.76,1398.33,553.6,2388.08,9060.2,47.41,521.49,2388.08,8144.14,8.3992,392,38.89,23.3006,0
642.37,1590.92,1404.84,553.51,2388.09,9060.55,47.42,521.23,2388.07,8136.73,8.422,392,38.84,23.1322,0
642.91,1589.62,1410.92,553.56,2388.08,9066.41,47.67,521.33,2388.04,8136.92,8.4571,392,39.02,23.3236,0
642.68,1588.08,1409.72,552.82,2388.14,9064.73,47.39,521.42,2388.11,8137.7,8.4417,392,38.75,23.2622,0
642.5,1591.55,1403.43,553.69,2388.14,9064.51,47.51,521.28,2388.07,8131.82,8.4288,393,38.87,23.3231,0
642.8,1590.19,1403.75,554.05,2388.1,9056.87,47.65,521.07,2388.07,8134.78,8.4341,393,38.72,23.351,0
642.71,1589.82,1412.53,553.0,2388.09,9059.43,47.55,521.97,2388.11,8139.51,8.4479,394,38.84,23.2896,0
642.43,1586.52,1405.93,553.06,2388.09,9053.34,47.51,521.27,2388.12,8131.55,8.4309,394,38.81,23.2412,0
643.14,1588.13,1403.91,553.27,2388.09,9058.72,47.51,521.38,2388.13,8138.29,8.433,394,38.97,23.2541,0
642.46,1586.31,1406.41,553.78,2388.05,9055.41,47.57,521.33,2388.11,8134.12,8.4634,393,38.88,23.2476,0
642.66,1590.92,1404.1,552.86,2388.1,9060.57,47.55,521.32,2388.1,8137.2,8.4543,393,38.74,23.1666,0
642.67,1592.47,1401.12,553.19,2388.1,9055.6,47.7,521.43,2388.09,8139.91,8.4304,393,38.89,23.2724,0
642.75,1584.23,1413.48,552.37,2388.19,9049.89,47.56,521.1,2388.16,8140.0,8.427,394,38.8,23.2674,0
642.87,1585.6,1403.57,554.27,2388.11,9064.48,47.73,521.47,2388.1,8134.41,8.4685,393,38.78,23.3385,0
642.46,1594.04,1411.98,553.22,2388.07,9053.69,47.53,521.47,2388.06,8137.87,8.455,393,38.82,23.2851,0
642.32,1590.97,1407.14,553.14,2388.12,9053.82,47.54,520.94,2388.1,8141.62,8.4528,393,38.79,23.2335,0
642.6,1583.92,1412.8,553.51,2388.13,9060.05,47.62,521.06,2388.06,8136.43,8.5175,393,38.85,23.3074,0
642.9,1590.96,1405.65,553.62,2388.03,9056.39,47.5,521.66,2388.09,8136.44,8.4753,393,38.81,23.1438,0
642.95,1594.64,1409.92,553.1,2388.12,9060.57,47.65,521.44,2388.15,8142.79,8.4465,394,38.7,23.2502,0
642.63,1594.68,1412.13,554.21,2388.09,9054.93,47.57,520.79,2388.1,8135.27,8.432,393,38.94,23.2858,0
642.53,1585.77,1410.07,553.43,2388.19,9063.52,47.64,521.4,2388.19,8131.37,8.4942,393,38.92,23.2423,0
643.29,1595.46,1416.63,553.27,2388.14,9056.1,47.54,521.54,2388.11,8133.56,8.4578,394,38.87,23.2968,0
642.37,1594.03,1418.39,553.52,2388.13,9066.47,47.63,521.19,2388.04,8135.77,8.4337,393,38.71,23.2721,0
642.84,1590.0,1413.03,553.48,2388.14,9054.92,47.66,520.82,2388.19,8138.03,8.4323,394,38.67,23.2213,0
642.76,1597.84,1410.45,552.91,2388.15,9054.58,47.66,521.13,2388.15,8131.41,8.4579,393,38.76,23.3409,0
642.9,1587.11,1407.87,552.97,2388.15,9057.64,47.65,521.27,2388.12,8130.53,8.4453,394,38.91,23.2074,0
643.24,1593.95,1415.19,553.62,2388.13,9056.74,47.58,520.79,2388.11,8135.21,8.4557,394,38.46,23.179,0
642.89,1590.84,1408.69,552.91,2388.16,9059.25,47.67,521.3,2388.15,8134.98,8.4589,393,38.71,23.3654,0
642.17,1586.56,1412.51,553.15,2388.12,9055.49,47.7,521.16,2388.15,8134.13,8.4431,395,38.67,23.2765,0
642.67,1595.42,1409.29,552.64,2388.09,9065.06,47.65,521.58,2388.16,8133.82,8.465,393,38.74,23.2905,0
642.96,1583.59,1414.38,552.77,2388.19,9053.79,47.66,520.9,2388.12,8133.18,8.4562,393,38.85,23.2375,0
642.38,1590.81,1409.99,553.08,2388.15,9058.21,47.6,520.26,2388.15,8137.29,8.4713,394,38.95,23.293,0
643.77,1591.19,1405.62,553.19,2388.14,9047.88,47.76,521.06,2388.15,8139.07,8.4453,394,38.6,23.2775,0
643.12,1593.6,1413.19,552.89,2388.16,9052.99,47.8,520.83,2388.11,8136.06,8.4864,395,38.72,23.1658,0
642.57,1588.32,1418.27,552.18,2388.17,9061.15,47.54,521.2,2388.12,8140.84,8.492,393,38.93,23.2325,0
642.95,1591.71,1414.68,553.51,2388.17,9053.66,47.54,520.87,2388.19,8138.02,8.4549,393,38.66,23.1836,0
643.06,1593.17,1412.55,552.8,2388.15,9058.08,47.84,521.26,2388.17,8134.11,8.4701,393,38.49,23.2152,0
643.12,1590.3,1419.95,552.67,2388.13,9060.02,47.61,521.27,2388.19,8141.92,8.4201,393,38.75,23.315,0
642.93,1593.56,1414.73,552.66,2388.18,9053.16,47.87,521.24,2388.12,8136.94,8.4318,393,38.61,23.265,0
642.99,1593.96,1421.8,552.62,2388.16,9056.16,47.81,521.0,2388.17,8134.67,8.447,393,38.6,23.2757,0
642.88,1602.49,1415.76,552.77,2388.13,9067.55,47.83,520.97,2388.12,8135.92,8.4874,394,38.58,23.2442,0
642.72,1596.36,1424.43,552.75,2388.2,9058.16,47.91,520.67,2388.15,8140.89,8.4675,394,38.6,23.1174,0
643.32,1589.54,1411.71,552.81,2388.16,9063.14,47.79,520.47,2388.22,8128.12,8.4757,394,38.53,23.1473,0
643.34,1590.47,1422.97,552.48,2388.21,9053.31,47.73,520.68,2388.19,8131.88,8.4823,393,38.62,23.2802,0
642.98,1597.19,1418.26,552.76,2388.18,9060.67,47.91,520.54,2388.2,8127.91,8.4929,394,38.9,23.2823,0
642.88,1593.61,1416.66,553.03,2388.21,9056.97,47.74,521.1,2388.16,8135.91,8.4634,395,38.7,23.1989,0
642.98,1589.55,1411.61,553.13,2388.14,9057.51,47.81,520.3,2388.17,8127.96,8.4472,394,38.69,23.2243,0
642.97,1588.82,1414.86,553.02,2388.18,9062.35,47.83,520.46,2388.19,8129.72,8.4425,396,38.61,23.2332,0
643.45,1596.3,1418.5,551.71,2388.2,9056.12,47.98,520.97,2388.17,8131.2,8.4772,394,38.81,23.1286,0
642.81,1596.51,1415.17,553.06,2388.18,9055.12,47.71,521.12,2388.18,8134.02,8.47,395,38.55,23.2365,0
642.97,1593.94,1409.57,552.46,2388.2,9054.44,47.91,520.34,2388.25,8134.8,8.4463,397,38.54,23.1443,0
642.75,1588.39,1413.37,552.45,2388.2,9056.58,47.76,520.56,2388.18,8134.53,8.488,396,38.63,23.0398,0
643.35,1589.93,1428.51,551.78,2388.17,9054.46,47.67,521.53,2388.22,8135.05,8.4753,394,38.59,23.215,0
643.72,1594.68,1420.94,552.46,2388.15,9060.34,47.94,520.51,2388.17,8132.47,8.4714,394,38.48,23.1996,0
643.11,1593.33,1423.59,552.57,2388.16,9060.54,47.91,520.75,2388.19,8126.3,8.5003,395,38.49,23.2047,0
642.88,1591.95,1415.79,552.0,2388.18,9055.01,47.67,520.35,2388.22,8131.66,8.4727,395,38.59,23.1672,0
643.05,1588.18,1416.7,551.85,2388.2,9053.46,47.86,520.15,2388.18,8124.84,8.4751,396,38.58,23.1161,0
642.81,1596.73,1420.76,552.29,2388.23,9061.94,47.82,520.03,2388.3,8129.47,8.4913,394,38.65,23.1071,0
643.47,1603.38,1420.9,551.67,2388.17,9051.79,48.0,520.94,2388.17,8135.71,8.4789,396,38.53,23.1439,0
643.12,1595.44,1416.92,551.36,2388.22,9061.31,47.82,520.21,2388.2,8126.39,8.5282,393,38.69,23.1484,0
643.08,1594.62,1410.64,552.59,2388.17,9057.49,48.08,519.74,2388.22,8130.91,8.4685,395,38.75,23.2151,0
643.2,1598.58,1423.18,551.54,2388.21,9048.05,47.98,519.98,2388.23,8131.29,8.4933,395,38.75,23.2362,0
643.68,1597.92,1422.03,551.58,2388.16,9052.34,48.05,520.15,2388.24,8127.51,8.4827,395,38.63,23.1421,0
643.0,1595.13,1424.97,551.31,2388.23,9054.2,47.98,520.42,2388.23,8128.39,8.5196,395,38.5,23.1914,0
642.72,1596.83,1424.73,551.82,2388.23,9049.94,47.67,520.29,2388.21,8128.23,8.5,394,38.52,23.0925,0
642.97,1600.41,1427.35,551.99,2388.25,9049.52,48.07,520.01,2388.16,8125.0,8.4847,396,38.68,23.0289,0
643.45,1601.32,1421.55,551.99,2388.21,9054.42,48.13,519.72,2388.28,8126.34,8.5032,395,38.49,23.0906,0
643.63,1594.24,1419.28,551.46,2388.27,9055.49,47.88,520.39,2388.23,8129.42,8.494,394,38.51,22.9421,0
643.13,1603.5,1422.32,551.68,2388.28,9054.54,48.1,519.83,2388.24,8127.14,8.4829,395,38.49,23.0752,0
643.59,1598.63,1430.25,551.8,2388.25,9052.91,48.09,519.77,2388.27,8125.87,8.516,394,38.58,23.0992,1
643.2,1606.34,1424.21,552.26,2388.3,9049.92,48.06,519.96,2388.25,8125.05,8.4879,396,38.49,23.1393,1
643.71,1596.39,1427.26,550.98,2388.3,9051.89,48.14,520.07,2388.25,8132.02,8.5017,396,38.56,23.0529,1
643.26,1598.26,1428.19,551.82,2388.28,9048.4,48.01,519.37,2388.25,8125.79,8.5045,395,38.37,23.0572,1
643.7,1603.89,1427.77,551.33,2388.27,9055.61,48.17,519.96,2388.26,8126.87,8.5118,394,38.44,23.107,1
643.71,1601.83,1426.78,550.74,2388.27,9044.42,48.16,519.82,2388.27,8123.49,8.5302,395,38.44,23.0447,1
643.74,1604.29,1426.03,551.22,2388.29,9053.35,48.23,519.83,2388.26,8126.53,8.4992,397,38.68,22.9664,1
644.27,1601.35,1425.3,550.83,2388.3,9052.47,48.33,519.95,2388.2,8127.21,8.5271,397,38.43,22.9692,1
643.9,1595.95,1430.12,550.5,2388.22,9053.98,48.11,519.97,2388.32,8122.81,8.504,396,38.49,23.0242,1
643.75,1602.1,1429.98,550.76,2388.25,9057.26,48.29,519.99,2388.26,8120.71,8.5249,396,38.4,23.1204,1
644.44,1602.57,1433.99,550.75,2388.25,9041.98,48.22,519.48,2388.32,8118.01,8.5052,397,38.38,23.017,2
642.27,1581.75,1402.34,554.99,2387.98,9059.4,47.21,522.64,2387.99,8144.86,8.4063,392,39.09,23.2883,0
642.6,1575.94,1401.33,555.05,2388.0,9065.97,47.14,522.29,2388.01,8146.92,8.3743,392,39.01,23.5057,0
641.69,1584.8,1398.87,554.75,2388.02,9061.19,47.06,522.82,2387.98,8148.92,8.3818,391,39.1,23.4533,0
642.01,1578.91,1387.93,555.21,2387.98,9060.55,47.12,523.31,2387.95,8148.12,8.3724,390,39.2,23.4821,0
641.86,1591.14,1397.29,554.99,2388.01,9064.86,47.22,522.54,2388.04,8153.72,8.3858,391,39.02,23.4283,0
641.82,1571.99,1397.98,553.56,2387.95,9060.16,47.26,522.6,2388.02,8143.69,8.3724,392,38.93,23.4899,0
641.85,1584.89,1406.01,554.63,2388.04,9066.62,47.18,522.33,2388.02,8146.4,8.3998,392,39.02,23.2455,0
641.62,1587.61,1397.07,554.31,2388.03,9066.85,47.13,522.2,2387.94,8146.9,8.3724,388,39.02,23.517,0
641.81,1581.84,1396.05,554.84,2388.0,9061.75,47.29,522.55,2387.96,8147.68,8.4158,392,38.85,23.4162,0
641.86,1587.28,1400.35,554.04,2388.02,9070.63,47.12,522.09,2388.05,8145.79,8.395,392,38.97,23.3734,0
641.95,1577.31,1398.69,554.24,2388.05,9054.8,47.27,522.1,2388.01,8149.89,8.3882,391,39.14,23.4639,0
642.14,1582.58,1404.15,554.83,2387.99,9061.05,47.3,522.16,2387.95,8146.83,8.4187,391,38.97,23.3962,0
642.37,1581.81,1399.37,554.18,2388.01,9063.67,47.25,522.2,2388.02,8144.05,8.3798,391,39.02,23.4168,0
642.08,1578.29,1395.7,554.21,2388.01,9070.42,47.13,522.17,2388.02,8147.25,8.4359,390,39.08,23.4572,0
642.11,1590.53,1396.66,553.46,2387.98,9062.51,47.24,522.47,2388.02,8144.59,8.3994,390,39.03,23.4858,0
642.02,1588.73,1398.9,555.16,2387.97,9066.42,47.17,521.96,2387.98,8141.08,8.4188,392,39.29,23.3971,0
641.94,1580.17,1393.7,554.72,2388.01,9059.86,46.98,522.83,2388.01,8148.43,8.3896,392,38.97,23.4019,0
642.56,1585.06,1400.7,554.32,2387.9,9064.85,47.05,522.78,2387.95,8149.09,8.4005,392,39.02,23.495,0
642.2,1582.16,1395.54,554.24,2387.99,9067.02,47.43,522.82,2387.98,8144.83,8.3767,390,39.09,23.3073,0
641.98,1579.78,1405.51,554.98,2388.03,9065.74,47.27,522.38,2388.03,8140.33,8.4178,391,39.07,23.3601,0
641.8,1586.68,1408.07,554.13,2388.02,9067.49,47.11,522.78,2388.04,8144.02,8.4339,392,39.14,23.3738,0
641.88,1588.12,1398.95,554.66,2388.0,9059.01,47.15,522.01,2387.98,8148.65,8.3869,393,38.9,23.3644,0
642.33,1589.08,1405.64,554.69,2388.01,9074.08,47.21,522.28,2388.01,8144.33,8.3818,392,38.99,23.3279,0
641.97,1581.26,1400.66,554.69,2387.96,9068.9,47.2,522.1,2388.03,8144.81,8.3992,390,39.05,23.3989,0
641.97,1576.05,1397.31,554.12,2388.01,9062.56,47.11,521.76,2388.04,8144.69,8.394,390,38.8,23.5406,0
642.01,1584.22,1403.91,554.17,2388.05,9065.92,47.27,522.44,2388.02,8146.25,8.3941,392,39.24,23.4711,0
641.35,1582.95,1404.14,554.63,2387.97,9067.49,46.94,522.45,2388.05,8148.68,8.4026,392,39.04,23.4434,0
642.39,1586.61,1400.8,554.85,2387.99,9064.2,47.27,522.3,2388.0,8145.29,8.4185,390,39.12,23.3532,0
641.98,1582.56,1396.1,554.08,2388.03,9070.61,47.07,522.27,2387.96,8148.45,8.4059,392,39.25,23.369,0
641.88,1579.53,1393.06,554.5,2388.03,9063.39,47.12,522.26,2388.02,8148.28,8.3921,390,39.04,23.3996,0
642.18,1581.87,1393.44,554.89,2388.06,9066.92,47.17,522.17,2388.03,8145.65,8.4029,393,38.91,23.4207,0
643.04,1583.57,1392.99,554.0,2387.98,9063.22,47.2,522.1,2388.0,8145.7,8.3693,393,38.94,23.3922,0
642.78,1587.47,1402.32,554.15,2388.03,9064.15,47.16,522.44,2388.0,8142.85,8.3755,392,39.0,23.3781,0
642.43,1588.71,1402.53,554.52,2387.99,9063.86,47.12,522.56,2387.99,8143.79,8.3603,393,39.22,23.3781,0
642.82,1580.7,1397.95,554.51,2387.98,9069.29,47.38,522.87,2387.98,8146.35,8.4071,392,38.98,23.4313,0
642.19,1582.73,1395.97,554.52,2388.04,9061.17,46.98,522.62,2388.0,8142.98,8.42,393,38.93,23.3941,0
642.43,1584.72,1395.16,554.67,2388.0,9063.29,47.1,522.56,2388.0,8147.49,8.418,391,38.99,23.3671,0
641.77,1585.13,1399.56,554.34,2387.99,9064.13,47.09,522.08,2388.01,8141.99,8.3858,390,39.12,23.4132,0
641.68,1584.17,1401.82,554.09,2387.99,9068.76,47.15,521.83,2388.04,8148.28,8.3963,392,39.01,23.3532,0
642.22,1584.92,1398.57,554.66,2388.01,9063.92,47.11,521.92,2387.99,8142.03,8.3957,390,39.02,23.387,0
642.1,1587.49,1395.16,554.33,2388.01,9066.93,47.11,522.5,2388.05,8144.65,8.4048,393,39.07,23.4207,0
642.3,1577.88,1401.27,554.42,2388.05,9065.6,47.26,522.12,2388.01,8149.27,8.4308,391,39.11,23.449,0
642.4,1586.97,1402.6,553.92,2387.99,9070.42,47.11,522.51,2387.99,8148.55,8.4122,391,39.06,23.4204,0
642.25,1587.39,1397.36,554.44,2388.03,9067.51,47.21,522.91,2387.94,8143.71,8.3965,391,39.04,23.3873,0
642.81,1583.7,1395.63,554.65,2387.98,9066.32,47.03,521.88,2388.01,8148.63,8.3898,392,38.99,23.4644,0
642.14,1590.31,1403.93,554.24,2388.01,9062.27,47.25,522.08,2388.06,8146.78,8.4002,391,38.99,23.3927,0
642.07,1586.49,1392.74,554.6,2388.01,9067.96,47.12,522.16,2388.04,8146.52,8.4245,392,39.09,23.3596,0
641.94,1589.09,1400.99,554.37,2388.04,9064.46,47.19,522.3,2388.0,8146.12,8.421,392,39.04,23.4083,0
642.52,1587.69,1398.19,554.35,2388.01,9074.41,47.13,522.78,2388.02,8149.22,8.427,392,39.12,23.4402,0
641.9,1582.73,1395.11,553.73,2388.04,9068.01,47.27,522.04,2388.01,8148.14,8.363,393,39.04,23.3386,0
641.81,1574.52,1402.21,553.46,2388.0,9065.73,47.13,521.58,2387.96,8145.76,8.4041,393,39.04,23.4086,0
642.51,1583.03,1399.8,554.16,2387.99,9070.87,47.31,522.27,2388.02,8143.64,8.3647,392,38.94,23.3559,0
641.92,1579.32,1401.24,554.12,2388.0,9070.73,47.32,522.3,2388.01,8144.15,8.4135,392,38.96,23.4945,0
642.31,1585.36,1392.59,554.37,2388.01,9059.96,47.39,521.42,2388.07,8144.48,8.4136,392,39.09,23.4004,0
642.0,1575.47,1397.11,554.1,2388.02,9062.56,47.31,521.78,2387.96,8151.01,8.4088,392,38.99,23.4662,0
642.1,1584.43,1394.51,554.55,2387.99,9070.0,47.12,522.98,2387.97,8145.71,8.4306,393,38.98,23.4253,0
642.16,1586.05,1400.94,554.7,2388.01,9071.83,47.3,522.32,2387.98,8142.67,8.4171,391,39.05,23.3678,0
641.68,1589.86,1405.6,554.87,2388.0,9066.39,47.38,521.97,2388.02,8145.8,8.3847,393,38.93,23.4006,0
641.92,1578.76,1401.18,554.78,2388.0,9059.17,47.09,522.17,2388.0,8148.43,8.3935,391,39.11,23.3763,0
641.78,1585.71,1394.72,554.52,2387.99,9065.73,47.21,522.05,2387.99,8147.23,8.3953,390,39.03,23.4252,0
641.57,1584.27,1408.5,554.37,2387.97,9074.97,47.14,522.27,2387.97,8149.28,8.4539,391,38.86,23.4099,0
641.99,1585.13,1398.9,554.6,2387.97,9068.86,47.21,522.19,2388.01,8152.3,8.4505,392,38.86,23.3696,0
642.47,1586.03,1410.9,554.08,2388.06,9064.02,47.31,522.09,2388.03,8144.24,8.434,392,39.07,23.3496,0
642.22,1584.91,1394.21,554.61,2388.0,9066.69,47.3,522.3,2388.03,8148.15,8.4057,392,38.88,23.4677,0
641.83,1581.59,1405.33,553.51,2387.97,9063.53,47.34,522.02,2387.99,8145.5,8.3789,392,39.1,23.5199,0
642.4,1584.11,1394.33,554.25,2388.04,9066.95,47.13,522.08,2388.02,8146.43,8.4152,391,39.01,23.4295,0
642.07,1583.78,1400.62,554.14,2388.01,9063.9,47.41,522.43,2387.98,8147.25,8.409,389,39.07,23.4957,0
642.11,1583.42,1392.88,554.45,2388.0,9066.72,47.28,522.55,2388.0,8146.22,8.4,393,38.94,23.4111,0
642.49,1584.51,1390.08,554.27,2388.06,9064.23,47.41,521.9,2388.02,8146.24,8.3737,390,38.98,23.4571,0
642.47,1582.76,1403.26,554.27,2387.95,9067.28,47.21,522.28,2388.02,8149.31,8.4088,393,39.05,23.3884,0
641.75,1582.75,1396.32,553.68,2388.07,9063.79,47.02,522.21,2388.03,8146.52,8.3785,391,39.1,23.4067,0
642.5,1578.69,1402.9,553.59,2388.01,9061.26,47.07,521.7,2387.95,8148.01,8.432,392,38.76,23.4144,0
642.25,1580.98,1404.29,554.15,2388.0,9067.24,47.35,522.09,2388.04,8146.09,8.3851,390,39.08,23.4314,0
641.75,1584.17,1392.6,554.62,2388.06,9065.72,47.29,522.32,2387.96,8146.03,8.3904,392,38.85,23.3813,0
642.66,1584.61,1400.37,554.44,2388.03,9065.57,47.37,523.06,2388.0,8148.32,8.4389,394,38.94,23.3573,0
642.46,1578.97,1400.9,554.62,2388.01,9064.43,47.23,522.21,2388.0,8145.33,8.4069,394,38.95,23.4458,0
642.2,1584.25,1395.13,554.97,2388.05,9067.2,47.31,522.18,2388.06,8145.98,8.4292,392,38.94,23.3946,0
642.47,1584.68,1404.65,554.61,2387.95,9065.91,47.38,522.18,2388.03,8148.06,8.4037,392,38.86,23.4739,0
642.35,1587.21,1401.6,554.65,2388.03,9074.28,47.25,522.52,2387.96,8150.91,8.3818,393,39.17,23.2787,0
642.7,1586.8,1395.98,555.37,2388.02,9068.67,47.06,522.32,2388.05,8147.3,8.4233,390,39.16,23.474,0
641.75,1584.43,1402.91,554.72,2388.06,9063.06,47.06,522.49,2388.04,8143.47,8.4147,393,39.07,23.2813,0
642.3,1587.32,1404.18,554.29,2388.0,9066.23,47.23,522.17,2387.95,8149.27,8.3622,391,38.95,23.3219,0
642.02,1587.69,1396.24,554.17,2388.04,9068.74,47.17,522.8,2388.01,8147.33,8.3872,393,38.78,23.3408,0
642.5,1582.47,1395.91,553.79,2388.01,9071.49,47.34,521.81,2388.08,8148.79,8.4156,392,38.91,23.3745,0
642.25,1585.16,1401.33,553.61,2388.01,9063.16,47.25,522.5,2387.98,8150.45,8.4275,392,38.97,23.3731,0
642.49,1588.2,1397.12,554.5,2388.02,9061.62,47.23,522.49,2388.01,8146.45,8.38,392,38.93,23.5193,0
641.96,1581.52,1401.77,554.3,2388.01,9067.96,47.19,522.3,2388.09,8150.32,8.3813,393,39.02,23.3624,0
642.64,1585.66,1400.54,554.29,2388.07,9066.32,47.23,522.84,2387.98,8148.51,8.4308,392,38.97,23.3916,0
642.83,1585.81,1404.45,554.32,2387.99,9065.1,47.33,522.51,2388.01,8146.89,8.4305,393,38.9,23.51,0
642.23,1588.38,1403.15,554.08,2388.03,9069.86,47.29,522.35,2388.0,8147.48,8.4096,391,38.99,23.4356,0
642.06,1581.02,1407.84,554.92,2388.1,9072.76,47.25,522.23,2388.01,8148.66,8.4057,392,39.05,23.3854,0
642.38,1591.43,1392.23,554.48,2388.01,9064.32,47.36,521.85,2388.04,8148.52,8.4082,390,38.96,23.3628,0
642.21,1585.38,1402.2,554.08,2387.97,9064.29,47.47,522.31,2388.04,8147.24,8.3987,392,39.0,23.4203,0
642.18,1579.57,1403.6,554.54,2388.04,9062.86,47.52,522.39,2388.01,8149.7,8.4471,393,38.95,23.3349,0
642.21,1593.68,1397.43,554.16,2388.04,9060.47,47.37,521.5,2388.01,8149.57,8.3654,392,39.08,23.3771,0
642.14,1581.19,1401.09,554.48,2388.02,9063.25,47.15,521.84,2388.06,8156.27,8.4038,391,39.15,23.3933,0
642.15,1584.34,1402.92,553.75,2388.02,9066.85,47.29,522.26,2388.06,8148.58,8.4086,391,38.95,23.3737,0
641.42,1583.37,1396.84,553.23,2388.04,9062.83,47.38,521.8,2388.05,8144.96,8.4117,392,39.09,23.3579,0
642.58,1581.79,1404.53,554.34,2388.04,9070.58,47.34,522.16,2388.07,8152.69,8.4243,393,38.86,23.3665,0
642.08,1585.68,1401.92,553.79,2387.99,9065.13,47.33,522.0,2388.02,8148.84,8.3747,392,38.86,23.3906,0
641.96,1591.32,1399.9,553.93,2387.97,9068.19,47.13,521.61,2387.97,8147.26,8.3987,392,38.85,23.4541,0
642.66,1582.29,1402.69,554.85,2388.03,9067.14,47.43,522.57,2388.01,8154.6,8.392,392,39.09,23.2522,0
642.98,1588.43,1404.6,554.19,2388.05,9069.72,47.34,521.76,2388.03,8152.41,8.4324,390,39.01,23.3101,0
642.49,1585.78,1398.75,554.92,2388.04,9065.11,47.32,521.97,2387.98,8149.91,8.4539,392,38.74,23.3257,0
642.09,1588.22,1404.37,554.3,2388.03,9069.89,47.51,521.47,2388.05,8148.29,8.4147,394,38.97,23.3703,0
642.07,1575.03,1409.09,554.29,2388.0,9067.26,47.37,522.13,2388.02,8151.15,8.4164,393,38.94,23.4738,0
641.99,1585.05,1405.92,554.51,2388.05,9071.69,47.19,522.25,2388.05,8146.8,8.4383,392,38.86,23.3731,0
642.69,1584.46,1401.48,554.0,2388.02,9068.11,47.24,522.34,2388.02,8150.13,8.4292,392,38.99,23.3755,0
642.33,1592.21,1414.4,554.3,2388.02,9070.17,47.42,522.65,2388.04,8152.9,8.4354,393,38.87,23.3895,0
642.46,1580.4,1403.36,554.48,2388.11,9070.64,47.29,522.04,2388.03,8151.6,8.3694,392,39.1,23.4281,0
642.82,1585.75,1411.44,554.24,2388.01,9065.79,47.43,522.14,2388.05,8151.92,8.4228,393,38.9,23.231,0
642.06,1592.48,1401.81,553.6,2387.98,9068.96,47.25,521.81,2388.04,8149.25,8.4182,390,38.91,23.3327,0
642.18,1584.18,1405.17,553.95,2387.98,9070.94,47.29,521.78,2388.03,8153.47,8.3905,392,38.71,23.3483,0
642.19,1585.06,1410.45,553.76,2388.05,9067.87,47.3,522.05,2388.05,8146.16,8.3821,392,38.74,23.2997,0
642.26,1587.72,1404.52,553.83,2387.98,9072.23,47.44,522.12,2388.01,8149.13,8.4589,392,38.98,23.4487,0
642.87,1584.7,1399.63,554.19,2388.05,9068.4,47.38,522.49,2388.02,8142.07,8.4461,393,39.0,23.2924,0
642.15,1586.76,1407.32,554.0,2388.03,9069.67,47.46,521.84,2388.04,8150.99,8.4116,391,38.81,23.3819,0
642.24,1585.84,1395.94,552.66,2388.06,9066.11,47.16,522.47,2388.02,8145.3,8.4615,393,38.94,23.3344,0
641.88,1587.51,1408.39,554.09,2388.0,9072.34,47.22,521.89,2388.06,8149.41,8.4035,391,38.62,23.3157,0
642.14,1593.16,1399.21,553.1,2388.02,9075.81,47.49,521.7,2388.02,8155.34,8.4271,391,38.84,23.3064,0
642.37,1588.91,1402.36,554.0,2388.03,9064.84,47.42,522.27,2388.08,8147.45,8.4031,392,39.06,23.361,0
642.05,1588.81,1399.27,554.66,2388.05,9075.41,47.29,521.96,2388.03,8150.0,8.4332,392,39.07,23.2488,0
642.28,1585.77,1405.05,554.41,2388.14,9069.75,47.39,522.47,2388.05,8144.18,8.3917,393,38.84,23.2879,0
642.98,1586.0,1405.08,553.24,2388.08,9066.84,47.39,522.23,2388.02,8150.15,8.4207,392,38.77,23.3747,0
642.1,1586.56,1406.34,553.67,2388.04,9080.3,47.52,521.82,2388.02,8157.34,8.4263,393,38.91,23.3462,0
642.35,1586.81,1411.11,553.95,2388.11,9066.69,47.5,521.56,2388.01,8148.25,8.4196,393,39.12,23.3697,0
642.33,1588.33,1405.95,554.69,2387.99,9065.45,47.44,522.23,2388.03,8152.18,8.4033,392,38.94,23.39,0
642.55,1589.6,1404.22,553.81,2387.99,9078.83,47.44,522.32,2388.01,8154.51,8.4063,393,38.86,23.3346,0
642.35,1583.8,1402.94,553.37,2388.04,9076.92,47.39,521.55,2388.05,8160.18,8.4036,392,38.91,23.3945,0
642.47,1590.18,1406.25,553.85,2388.03,9072.96,47.36,521.89,2388.05,8147.01,8.3933,394,38.92,23.3359,0
642.4,1579.94,1401.11,553.66,2388.07,9070.68,47.57,521.75,2388.07,8148.34,8.4367,393,38.87,23.2885,0
641.79,1583.46,1411.1,554.07,2387.97,9077.3,47.52,521.75,2388.07,8153.19,8.4369,394,38.91,23.4065,0
642.72,1593.37,1401.96,553.63,2388.03,9069.49,47.27,521.9,2388.05,8149.06,8.4125,392,38.87,23.3309,0
642.84,1582.69,1400.58,553.44,2388.02,9067.37,47.26,521.98,2388.0,8151.28,8.4323,392,38.91,23.3861,0
641.86,1595.35,1407.0,552.77,2388.09,9082.19,47.35,522.26,2388.09,8152.76,8.433,393,38.71,23.267,0
642.74,1588.33,1406.68,553.76,2387.98,9074.92,47.39,521.46,2388.04,8153.64,8.4401,392,38.87,23.379,0
642.7,1589.12,1401.39,553.25,2388.06,9074.0,47.53,521.59,2388.06,8155.36,8.4332,393,38.88,23.2847,0
642.45,1589.6,1411.46,554.07,2388.06,9072.75,47.3,521.74,2388.07,8153.67,8.4531,392,38.8,23.2686,0
642.57,1584.05,1408.4,553.52,2388.01,9077.18,47.43,521.85,2388.03,8152.77,8.4226,392,38.94,23.4256,0
642.84,1589.97,1399.76,553.87,2388.04,9069.57,47.3,521.28,2388.02,8150.24,8.4023,392,38.87,23.3338,0
642.65,1588.13,1413.07,554.03,2388.08,9074.54,47.21,521.83,2388.07,8149.85,8.3931,393,38.95,23.2914,0
642.72,1580.05,1408.59,554.32,2388.02,9077.58,47.4,521.77,2388.05,8156.88,8.4696,392,38.97,23.3538,0
642.7,1587.59,1405.27,553.74,2388.1,9069.37,47.45,521.69,2388.07,8151.16,8.4398,391,38.75,23.4264,0
642.14,1589.38,1401.06,553.04,2388.03,9072.16,47.39,521.72,2388.04,8152.3,8.4364,395,38.81,23.2299,0
642.65,1588.8,1399.62,552.87,2388.07,9066.15,47.32,521.82,2388.05,8156.02,8.4433,392,38.75,23.3843,0
642.43,1586.78,1406.7,553.6,2388.07,9069.55,47.48,521.76,2388.03,8150.2,8.4358,392,38.74,23.2274,0
642.62,1597.94,1404.59,553.69,2388.1,9081.37,47.53,521.37,2388.06,8148.92,8.4211,392,38.79,23.2998,0
642.56,1589.14,1405.85,553.11,2388.04,9077.78,47.49,521.97,2388.05,8152.77,8.4136,392,38.93,23.3257,0
642.25,1589.77,1402.6,553.58,2388.07,9076.72,47.37,521.38,2388.02,8153.24,8.4267,392,38.93,23.2946,0
642.83,1588.18,1405.4,553.71,2388.08,9066.87,47.4,521.81,2388.12,8157.84,8.4068,393,38.91,23.2845,0
642.57,1590.14,1404.79,553.86,2388.05,9081.54,47.58,521.63,2388.04,8154.54,8.4609,394,38.84,23.257,0
642.14,1591.49,1401.36,553.87,2388.09,9074.22,47.47,521.46,2388.1,8158.18,8.4696,393,38.96,23.2933,0
642.39,1591.33,1415.96,553.52,2388.09,9085.46,47.51,521.52,2388.08,8153.71,8.4527,394,38.88,23.2103,0
642.71,1591.36,1412.01,552.89,2388.11,9073.82,47.61,521.37,2388.08,8155.33,8.422,393,38.57,23.3289,0
643.1,1586.7,1414.5,553.91,2388.07,9074.98,47.41,521.71,2388.13,8154.09,8.4319,393,38.95,23.2409,0
642.45,1588.64,1413.24,553.14,2388.07,9076.75,47.47,521.47,2388.05,8157.32,8.4409,393,38.88,23.2812,0
642.78,1585.01,1407.19,552.97,2388.04,9069.95,47.59,521.75,2388.08,8155.52,8.4509,392,38.83,23.2543,0
643.21,1590.29,1411.36,553.15,2388.13,9075.93,47.67,520.98,2388.06,8156.42,8.4395,395,38.63,23.2164,0
642.53,1592.17,1412.21,552.96,2388.07,9079.76,47.47,521.36,2388.1,8157.53,8.4692,394,38.91,23.3325,0
642.49,1591.0,1405.85,554.0,2388.03,9076.05,47.63,521.41,2388.05,8154.31,8.4644,393,38.86,23.3992,0
642.75,1595.15,1403.99,553.33,2388.1,9078.76,47.41,521.64,2388.05,8160.76,8.4428,393,38.9,23.3298,0
643.19,1596.5,1410.46,553.45,2388.03,9079.58,47.66,520.77,2388.0,8152.64,8.4377,395,38.84,23.3044,0
642.68,1595.57,1403.14,553.09,2388.09,9078.05,47.55,521.34,2388.08,8156.38,8.4496,395,38.77,23.2309,0
643.57,1590.89,1415.32,553.16,2388.08,9082.87,47.56,520.83,2388.08,8155.72,8.4377,393,38.61,23.2545,0
642.63,1595.56,1417.79,553.23,2388.02,9081.83,47.55,521.29,2388.14,8152.71,8.4393,394,38.8,23.307,0
642.87,1591.43,1409.8,553.94,2388.07,9080.28,47.56,520.99,2388.06,8156.58,8.4713,394,38.74,23.2342,0
643.15,1591.64,1407.03,553.16,2388.07,9080.98,47.58,521.24,2388.06,8155.54,8.465,393,38.79,23.2483,0
641.92,1589.02,1420.46,553.09,2388.08,9078.34,47.47,521.1,2388.11,8154.13,8.4305,393,38.78,23.2023,0
643.02,1597.23,1409.48,553.16,2388.08,9083.5,47.64,520.78,2388.1,8154.99,8.4721,395,38.81,23.2177,0
643.0,1590.81,1409.65,553.36,2388.09,9080.44,47.78,521.02,2388.13,8153.74,8.4712,393,38.73,23.2731,0
642.69,1592.59,1411.85,552.99,2388.09,9087.05,47.81,520.96,2388.08,8159.45,8.4754,393,38.83,23.2605,0
642.83,1593.27,1420.82,553.78,2388.13,9082.22,47.45,521.33,2388.13,8157.24,8.451,394,38.68,23.2224,0
642.76,1589.72,1408.5,553.34,2388.13,9081.05,47.74,520.91,2388.15,8162.29,8.4554,394,38.73,23.2698,0
642.73,1603.82,1416.84,552.8,2388.15,9079.87,47.76,521.26,2388.11,8159.03,8.4522,394,38.56,23.2984,0
643.37,1586.66,1414.65,553.24,2388.1,9085.55,47.58,521.35,2388.12,8158.32,8.4785,394,38.7,23.2637,0
643.2,1588.0,1412.74,552.13,2388.1,9085.48,47.72,521.35,2388.09,8166.33,8.42,394,38.66,23.2887,0
642.59,1591.89,1410.96,553.62,2388.09,9085.37,47.61,520.94,2388.07,8160.6,8.4529,394,38.85,23.2514,0
643.0,1589.3,1419.35,553.41,2388.14,9088.07,47.62,520.75,2388.14,8156.23,8.4533,394,38.94,23.2409,0
642.74,1599.01,1409.71,553.03,2388.08,9090.19,47.63,520.79,2388.08,8157.31,8.4837,395,38.69,23.209,0
643.11,1595.48,1413.38,552.52,2388.12,9084.74,47.77,520.74,2388.08,8164.71,8.4831,393,38.71,23.1991,0
643.25,1596.7,1412.54,553.07,2388.14,9086.48,47.79,521.43,2388.1,8159.96,8.4695,394,38.6,23.1514,0
642.92,1602.84,1415.35,553.25,2388.06,9084.66,47.49,520.93,2388.1,8166.77,8.4275,393,38.58,23.2178,0
643.47,1593.24,1417.87,552.85,2388.09,9085.92,47.66,520.93,2388.11,8161.27,8.5075,394,38.59,23.1667,0
643.28,1600.34,1414.17,552.55,2388.12,9085.1,47.69,520.88,2388.16,8163.05,8.4681,395,38.84,23.2984,0
643.2,1589.6,1414.65,551.68,2388.13,9089.57,47.75,520.79,2388.15,8164.77,8.4672,395,38.78,23.1398,0
643.03,1597.18,1420.9,552.53,2388.12,9091.74,47.85,521.16,2388.11,8167.18,8.4665,395,38.77,23.2148,0
643.1,1591.92,1415.94,553.11,2388.14,9098.16,47.59,520.74,2388.14,8164.27,8.4654,393,38.78,23.1375,0
642.79,1594.86,1422.6,553.14,2388.07,9092.04,47.87,520.79,2388.14,8160.44,8.4657,395,38.85,23.1549,0
643.6,1588.23,1416.07,552.74,2388.14,9093.48,47.7,521.0,2388.12,8166.76,8.4749,395,38.62,23.1605,0
642.58,1599.1,1417.1,552.37,2388.12,9092.34,47.81,520.86,2388.11,8164.87,8.4962,394,38.65,23.1856,0
642.93,1599.84,1410.03,552.82,2388.21,9088.84,47.76,520.75,2388.11,8164.28,8.4839,395,38.69,23.1444,0
643.23,1597.43,1419.79,552.3,2388.15,9084.48,47.8,520.11,2388.15,8171.67,8.4801,395,38.64,23.1599,0
643.8,1603.73,1415.5,552.46,2388.09,9087.06,47.77,521.01,2388.11,8167.32,8.4949,394,38.58,23.1101,0
643.52,1595.3,1425.64,552.76,2388.09,9089.81,47.96,519.99,2388.11,8163.51,8.5068,396,38.53,23.1098,0
643.19,1599.61,1422.83,553.11,2388.12,9101.84,47.77,520.73,2388.06,8165.6,8.4709,393,38.77,23.0628,0
643.63,1597.71,1417.23,552.88,2388.21,9094.9,47.94,520.67,2388.12,8165.74,8.4911,396,38.58,23.1176,0
642.95,1605.33,1419.36,551.5,2388.13,9099.43,47.81,520.44,2388.13,8167.15,8.4904,396,38.61,23.1407,0
642.75,1595.13,1424.51,552.03,2388.15,9086.83,48.02,520.39,2388.13,8165.76,8.4854,395,38.65,23.1176,0
643.28,1599.02,1424.43,552.16,2388.16,9092.46,48.01,520.28,2388.15,8165.48,8.4941,394,38.62,23.0752,0
643.08,1596.65,1426.1,551.53,2388.17,9094.81,48.03,519.99,2388.15,8171.1,8.5028,396,38.49,23.0787,0
643.6,1593.02,1415.24,552.42,2388.19,9096.77,48.04,520.53,2388.15,8171.36,8.4752,395,38.68,23.1646,0
643.1,1600.95,1422.52,552.08,2388.14,9098.73,48.07,520.49,2388.2,8170.05,8.4844,395,38.66,22.9843,0
643.41,1593.11,1426.57,552.11,2388.12,9096.51,47.84,520.43,2388.2,8171.3,8.5001,396,38.49,23.0978,0
642.93,1604.59,1436.65,551.42,2388.17,9094.7,48.13,520.23,2388.15,8167.8,8.5228,395,38.68,23.1709,1
643.65,1604.96,1426.06,552.2,2388.16,9100.79,47.98,520.43,2388.15,8173.16,8.5473,396,38.56,23.191,1
643.19,1598.99,1425.61,552.35,2388.16,9098.91,47.96,520.64,2388.15,8166.29,8.4887,396,38.42,23.0552,1
643.31,1605.32,1426.49,551.04,2388.18,9099.45,48.13,520.12,2388.23,8176.28,8.5257,396,38.36,23.065,1
644.02,1598.2,1420.91,552.08,2388.16,9101.7,48.12,519.5,2388.19,8174.65,8.53,397,38.57,23.1465,1
643.22,1597.77,1427.12,551.47,2388.19,9109.37,48.05,520.5,2388.18,8173.07,8.5429,396,38.4,23.1393,1
643.78,1606.28,1422.21,551.76,2388.2,9109.62,48.0,519.87,2388.2,8174.55,8.5324,396,38.52,23.107,1
642.96,1605.71,1433.16,551.77,2388.2,9097.78,48.14,520.18,2388.21,8173.23,8.4635,396,38.25,23.0423,1
643.4,1600.06,1427.67,551.63,2388.24,9110.6,47.97,520.55,2388.23,8171.29,8.5209,396,38.53,23.0345,1
643.9,1604.52,1422.89,551.93,2388.21,9109.27,48.23,520.18,2388.23,8176.56,8.527,397,38.59,22.965,1
643.5,1602.64,1433.3,551.7,2388.21,9107.27,48.28,519.72,2388.22,8176.36,8.5238,395,38.48,23.1299,2
642.39,1576.34,1403.88,554.29,2388.01,9062.79,47.39,521.98,2388.02,8148.9,8.4149,391,39.01,23.4323,0
642.06,1581.14,1401.49,554.11,2387.98,9065.1,47.26,522.48,2387.99,8144.72,8.4182,394,39.0,23.3808,0
642.07,1584.44,1404.37,554.97,2387.98,9060.38,47.38,522.65,2388.03,8145.33,8.3994,391,39.17,23.4419,0
642.16,1585.47,1395.88,553.67,2388.01,9066.63,47.39,522.38,2388.03,8148.32,8.4051,393,39.21,23.2644,0
642.84,1586.98,1400.11,553.62,2387.98,9066.16,47.15,521.8,2388.04,8144.23,8.4181,394,38.97,23.4096,0
642.25,1587.09,1404.26,554.68,2387.97,9066.56,47.32,522.38,2387.99,8146.34,8.4022,392,38.89,23.3299,0
642.3,1582.04,1399.55,554.63,2387.98,9066.45,47.38,522.18,2388.03,8147.34,8.4022,391,39.02,23.4346,0
641.9,1576.47,1397.54,553.93,2387.98,9064.2,47.46,522.15,2388.06,8141.87,8.4118,391,39.12,23.3935,0
642.04,1583.9,1396.15,554.66,2388.01,9068.56,47.16,522.13,2387.99,8144.64,8.4081,393,38.96,23.3517,0
642.86,1583.54,1394.31,554.63,2388.0,9058.86,46.94,521.96,2387.96,8149.69,8.39,391,39.01,23.5182,0
642.33,1581.65,1401.42,554.17,2387.96,9065.92,47.27,521.87,2388.0,8150.89,8.4178,391,38.85,23.4575,0
642.4,1590.97,1396.97,554.52,2388.03,9059.34,47.16,522.4,2388.01,8144.6,8.3824,391,39.01,23.4385,0
642.69,1581.93,1395.69,554.18,2388.03,9066.23,47.11,521.79,2387.97,8138.26,8.4151,392,38.88,23.4703,0
642.28,1587.36,1394.82,554.22,2388.02,9069.23,47.01,522.16,2388.03,8143.53,8.4054,390,38.96,23.3859,0
642.17,1587.61,1394.65,554.16,2388.02,9070.49,47.31,522.47,2388.01,8148.07,8.4253,392,39.14,23.4874,0
642.13,1586.28,1389.4,554.62,2387.98,9062.83,47.33,522.66,2387.99,8144.07,8.4081,392,39.0,23.3461,0
641.99,1588.51,1395.88,554.35,2387.95,9064.41,47.1,522.43,2388.03,8150.45,8.4168,392,38.91,23.4134,0
641.72,1584.75,1396.3,553.76,2388.05,9058.29,47.12,522.21,2387.97,8150.72,8.425,391,38.88,23.4058,0
642.57,1585.16,1395.01,554.61,2388.0,9061.12,47.38,522.46,2387.99,8143.83,8.4106,391,38.91,23.3902,0
641.78,1584.29,1403.8,553.69,2388.01,9065.94,47.12,522.7,2387.99,8144.96,8.3923,392,38.95,23.381,0
641.93,1580.07,1398.66,554.15,2388.03,9064.54,47.18,522.21,2388.03,8147.33,8.3984,392,39.07,23.4726,0
642.34,1585.29,1409.48,554.65,2388.04,9066.3,47.06,522.49,2387.99,8148.61,8.4103,393,38.92,23.4722,0
642.51,1572.34,1401.51,554.21,2388.03,9060.99,47.24,522.37,2388.03,8147.17,8.3828,392,39.1,23.2976,0
642.16,1587.86,1399.38,554.73,2388.04,9063.43,47.21,522.18,2388.04,8144.37,8.452,392,38.97,23.4347,0
642.04,1581.05,1390.8,554.37,2388.03,9058.03,47.04,522.26,2388.01,8149.78,8.3806,392,38.99,23.4623,0
642.17,1588.21,1396.71,554.59,2388.02,9063.8,47.21,522.44,2388.06,8146.97,8.3984,390,38.98,23.3157,0
642.32,1583.89,1395.44,554.17,2387.99,9063.6,47.44,522.13,2388.03,8150.42,8.4059,391,38.99,23.435,0
641.94,1578.18,1400.78,553.91,2388.01,9065.02,47.31,522.05,2387.99,8151.99,8.3972,391,38.85,23.3393,0
641.87,1589.61,1396.77,553.84,2387.98,9066.41,47.1,522.45,2387.99,8147.49,8.4041,392,39.09,23.4955,0
641.98,1590.33,1393.3,553.65,2388.02,9057.96,47.3,522.73,2388.0,8142.15,8.4048,391,38.94,23.3828,0
642.28,1587.01,1398.14,553.86,2387.99,9067.04,47.28,521.99,2387.99,8149.31,8.4127,391,39.25,23.3682,0
642.58,1584.43,1399.54,554.79,2388.01,9060.82,47.2,521.79,2388.01,8153.82,8.397,391,38.96,23.4056,0
642.27,1582.17,1398.03,554.42,2388.03,9059.03,47.24,522.48,2387.98,8142.09,8.4372,393,38.91,23.3628,0
642.31,1576.99,1401.23,553.73,2387.99,9070.98,47.33,522.62,2388.01,8144.97,8.3651,392,39.12,23.3232,0
641.84,1583.47,1393.4,553.66,2388.03,9067.72,47.15,522.66,2388.08,8145.03,8.438,391,38.72,23.4334,0
642.2,1589.6,1406.3,553.91,2387.98,9057.89,47.31,522.45,2388.06,8147.64,8.4164,390,39.08,23.4601,0
642.45,1583.54,1395.63,553.39,2388.02,9064.29,47.11,522.06,2388.03,8146.17,8.3687,392,39.08,23.4468,0
642.52,1583.12,1403.58,554.97,2387.99,9068.09,47.24,522.41,2388.01,8151.48,8.4222,392,38.92,23.3366,0
642.17,1584.48,1403.94,553.5,2387.98,9067.03,47.29,522.2,2387.95,8149.6,8.3819,393,39.09,23.3152,0
642.37,1580.52,1402.27,554.0,2388.01,9061.16,47.1,522.27,2387.99,8142.88,8.3993,392,39.15,23.4574,0
641.92,1592.88,1398.46,553.61,2387.97,9069.62,47.33,522.23,2388.02,8147.85,8.4133,392,38.99,23.4511,0
641.86,1591.61,1396.98,554.32,2388.02,9060.38,47.13,522.2,2387.99,8147.53,8.3996,391,38.82,23.4084,0
641.95,1587.48,1398.16,553.89,2388.01,9068.92,47.07,521.94,2387.98,8144.91,8.4259,392,38.89,23.2892,0
642.02,1588.3,1400.69,554.58,2387.97,9063.5,47.05,522.01,2388.03,8146.44,8.3957,391,39.05,23.4356,0
642.43,1583.17,1406.77,554.8,2388.04,9063.39,47.16,522.12,2388.07,8137.78,8.3878,392,38.72,23.3696,0
642.1,1591.04,1404.53,554.63,2388.05,9067.78,47.21,522.69,2388.0,8149.34,8.3794,391,39.06,23.3096,0
642.22,1586.22,1394.9,554.28,2388.04,9062.28,47.24,521.99,2388.04,8147.93,8.4026,394,39.0,23.3863,0
641.83,1583.38,1396.86,554.11,2388.01,9068.76,47.27,522.09,2387.94,8148.96,8.4226,391,39.01,23.3603,0
642.54,1589.97,1408.52,554.07,2388.01,9063.1,47.2,522.41,2387.97,8149.09,8.3885,390,39.16,23.4253,0
642.12,1590.3,1400.48,554.59,2388.01,9064.86,47.23,522.22,2388.02,8143.03,8.4059,392,39.09,23.3963,0
642.23,1581.67,1400.15,554.36,2388.02,9075.25,47.16,522.16,2387.96,8145.58,8.3767,391,39.04,23.2452,0
642.28,1584.95,1401.76,555.14,2388.01,9074.72,47.28,522.75,2388.0,8149.61,8.4004,391,39.04,23.4298,0
642.13,1584.49,1400.43,553.53,2388.05,9063.24,47.29,522.26,2388.03,8144.72,8.3792,394,38.83,23.353,0
642.54,1575.01,1399.05,554.41,2387.98,9062.43,47.15,522.06,2388.04,8145.85,8.3645,392,38.84,23.3466,0
642.5,1583.85,1400.9,554.84,2387.98,9063.16,47.1,522.16,2388.02,8145.11,8.4213,393,39.06,23.371,0
642.25,1587.02,1391.58,554.32,2387.99,9067.49,47.12,522.82,2388.04,8144.19,8.3953,391,38.95,23.3373,0
642.18,1590.35,1403.2,554.58,2388.0,9067.11,47.16,522.52,2388.07,8147.8,8.3906,392,38.92,23.3417,0
642.01,1585.1,1402.41,553.88,2388.08,9067.43,47.22,522.39,2387.95,8145.18,8.3903,392,39.03,23.3852,0
642.23,1578.8,1398.39,554.36,2387.98,9072.79,47.23,522.31,2388.01,8151.67,8.4242,393,38.92,23.3584,0
641.96,1586.16,1392.42,553.8,2387.96,9064.01,47.23,522.15,2388.01,8146.22,8.4251,391,38.9,23.3977,0
642.01,1586.52,1399.36,554.68,2388.03,9068.8,47.34,522.13,2388.02,8147.89,8.4184,392,38.78,23.3682,0
641.88,1592.04,1403.23,554.29,2388.03,9061.83,47.14,522.32,2387.96,8143.83,8.3932,391,38.95,23.4076,0
641.88,1585.01,1398.86,553.58,2388.01,9069.38,47.18,522.46,2387.95,8152.55,8.4306,392,38.99,23.4837,0
642.28,1586.88,1399.85,554.68,2388.0,9072.85,47.32,522.11,2387.99,8150.85,8.3648,391,39.03,23.4145,0
642.23,1587.09,1392.72,554.3,2388.01,9071.08,47.35,522.83,2388.06,8152.6,8.3833,392,39.2,23.4317,0
642.39,1580.02,1406.96,554.61,2388.02,9060.34,47.3,522.32,2387.93,8151.18,8.4118,391,39.03,23.5172,0
642.53,1585.13,1404.21,554.45,2388.04,9065.13,47.23,522.41,2388.07,8148.25,8.3907,392,39.03,23.3576,0
642.23,1583.38,1401.44,554.36,2388.0,9058.48,47.19,522.09,2387.98,8152.3,8.3949,391,39.13,23.4937,0
642.17,1582.02,1396.62,554.35,2388.02,9068.0,47.26,522.32,2388.0,8151.2,8.4017,391,39.08,23.4277,0
642.53,1588.61,1401.9,554.0,2388.0,9067.82,47.27,522.97,2387.95,8146.86,8.4117,393,39.03,23.3765,0
642.39,1585.74,1399.17,554.48,2388.06,9065.38,47.29,521.69,2388.05,8147.57,8.4387,392,39.17,23.4199,0
642.08,1589.47,1400.71,554.59,2387.98,9065.25,47.2,521.78,2388.0,8145.02,8.3982,392,39.03,23.3513,0
642.27,1590.06,1397.73,554.35,2388.02,9064.3,47.17,522.8,2388.01,8151.58,8.4124,393,39.04,23.3671,0
642.03,1578.3,1400.9,554.04,2387.98,9073.84,47.39,522.45,2387.99,8151.75,8.4105,391,38.95,23.3725,0
642.01,1587.37,1400.42,554.22,2388.0,9067.46,47.24,522.27,2388.03,8146.95,8.3744,393,38.92,23.2872,0
642.77,1587.9,1396.48,554.82,2387.99,9072.87,47.31,522.3,2388.03,8148.63,8.4701,391,38.95,23.459,0
642.68,1586.78,1399.73,554.29,2388.04,9075.06,47.18,522.2,2388.02,8155.62,8.4379,391,39.03,23.424,0
641.83,1587.16,1391.09,554.63,2388.01,9073.42,47.41,522.36,2387.98,8148.95,8.4202,392,39.01,23.4659,0
642.55,1583.0,1397.4,553.67,2388.01,9066.65,47.26,521.95,2387.99,8152.41,8.4206,392,38.88,23.4111,0
642.1,1587.39,1395.96,554.86,2387.99,9071.21,47.15,522.39,2387.98,8149.96,8.3931,392,38.99,23.492,0
641.83,1584.25,1396.2,555.07,2388.02,9073.68,47.25,522.31,2388.02,8144.94,8.3891,392,38.88,23.431,0
642.65,1587.84,1404.42,554.38,2388.05,9071.72,47.38,522.5,2388.01,8150.17,8.4353,392,39.15,23.3756,0
642.58,1589.08,1399.29,554.83,2388.01,9070.49,47.26,522.17,2388.01,8149.02,8.435,392,39.06,23.3687,0
642.16,1584.08,1403.77,554.36,2388.06,9072.69,47.18,522.48,2388.02,8151.5,8.3702,394,39.0,23.4543,0
642.53,1587.82,1400.3,554.54,2388.04,9074.13,47.24,522.51,2387.96,8148.85,8.4205,391,38.93,23.3965,0
642.1,1582.17,1393.24,554.21,2388.0,9070.56,47.27,522.13,2388.08,8153.66,8.4137,392,39.01,23.3646,0
642.43,1583.44,1398.08,554.15,2388.01,9062.92,47.11,522.77,2387.99,8151.48,8.4385,392,39.02,23.3078,0
642.53,1588.09,1405.22,554.39,2388.06,9072.06,47.18,522.18,2387.98,8151.18,8.4046,392,38.9,23.4976,0
641.92,1588.82,1400.71,554.55,2388.02,9067.82,47.2,522.04,2388.01,8151.07,8.4119,392,39.01,23.4373,0
642.39,1584.2,1408.35,554.32,2387.99,9066.63,47.27,522.58,2387.97,8147.76,8.4214,392,39.08,23.4554,0
643.01,1588.81,1407.43,553.75,2388.02,9069.24,47.15,521.86,2387.98,8151.93,8.3903,392,38.78,23.4528,0
642.11,1582.91,1402.49,554.09,2388.02,9067.31,47.24,522.2,2388.01,8149.59,8.3902,392,39.21,23.4104,0
641.81,1588.72,1401.94,554.38,2387.96,9063.22,47.35,522.04,2388.0,8152.73,8.3866,392,38.96,23.3816,0
642.35,1590.94,1400.85,553.26,2388.02,9072.58,47.39,522.26,2388.03,8156.38,8.3954,392,39.16,23.4658,0
642.5,1583.11,1396.02,553.61,2387.97,9071.52,47.53,522.33,2387.99,8150.64,8.3951,391,38.96,23.5076,0
642.24,1589.59,1403.77,553.85,2388.06,9069.29,47.3,522.03,2387.99,8150.46,8.4118,392,38.9,23.4029,0
642.13,1580.52,1401.46,554.5,2387.99,9085.69,47.21,522.12,2387.95,8153.49,8.4335,392,39.08,23.4349,0
642.36,1581.34,1404.85,554.12,2388.04,9075.13,47.31,522.46,2388.07,8151.51,8.4218,392,38.76,23.4492,0
642.79,1582.66,1404.64,554.13,2388.06,9077.33,47.38,522.27,2388.05,8153.44,8.4169,392,38.68,23.4172,0
642.38,1591.08,1397.66,554.8,2387.99,9071.62,47.33,522.07,2387.99,8143.76,8.3974,392,38.94,23.4921,0
641.95,1589.3,1402.75,553.93,2388.0,9079.94,47.38,521.8,2387.97,8153.2,8.3922,392,39.05,23.4642,0
642.05,1587.96,1404.51,554.59,2388.03,9066.87,47.27,522.46,2388.0,8153.16,8.4095,392,39.03,23.3615,0
641.91,1584.21,1402.82,554.44,2387.98,9069.21,47.36,522.0,2388.04,8150.45,8.4417,392,38.94,23.2994,0
642.21,1584.14,1397.78,554.0,2388.03,9075.12,47.27,522.45,2387.96,8153.77,8.4198,391,38.88,23.3039,0
642.3,1587.08,1397.38,554.55,2388.0,9075.79,47.29,522.44,2387.99,8154.72,8.4262,394,38.94,23.3078,0
642.54,1584.65,1402.06,554.98,2388.03,9074.22,47.4,522.1,2388.01,8158.34,8.3848,391,38.9,23.3834,0
642.97,1580.2,1399.73,554.5,2388.06,9070.54,47.37,522.48,2388.04,8149.16,8.4038,393,39.04,23.4044,0
642.43,1583.52,1403.39,554.61,2388.01,9069.45,47.53,521.81,2388.04,8155.53,8.4224,392,38.95,23.2532,0
642.96,1577.68,1399.29,554.29,2388.02,9072.5,47.33,522.05,2388.02,8157.56,8.3975,392,39.04,23.4283,0
642.52,1584.89,1398.75,553.37,2388.04,9074.73,47.28,522.22,2388.05,8154.92,8.4381,393,39.02,23.2959,0
642.11,1579.14,1402.74,554.56,2388.01,9077.72,47.33,522.59,2387.98,8152.11,8.4302,392,39.12,23.409,0
642.46,1587.86,1404.72,554.2,2388.03,9080.95,47.1,522.23,2388.04,8157.27,8.3802,392,38.93,23.3286,0
642.23,1586.49,1395.82,553.83,2388.08,9074.51,47.21,522.0,2388.03,8151.69,8.4191,393,39.06,23.3109,0
642.22,1586.35,1396.42,553.73,2387.98,9067.8,47.25,522.17,2388.07,8152.25,8.4315,393,39.0,23.3964,0
642.22,1583.95,1393.97,554.53,2388.03,9078.93,47.36,522.1,2388.0,8156.13,8.4104,393,38.96,23.4473,0
642.24,1593.76,1404.9,554.3,2388.01,9078.73,47.42,522.76,2388.03,8154.88,8.3808,390,38.84,23.3267,0
642.39,1580.64,1406.38,554.71,2387.99,9073.18,47.36,521.88,2388.04,8152.61,8.4382,392,38.88,23.33,0
642.2,1586.34,1399.51,553.39,2388.04,9071.96,47.35,521.63,2387.97,8154.35,8.4151,394,39.02,23.4144,0
642.18,1586.09,1390.45,554.27,2388.04,9072.92,47.06,522.07,2387.99,8154.77,8.4299,392,39.0,23.2948,0
642.44,1588.55,1401.07,554.27,2388.02,9068.99,47.31,522.27,2388.0,8161.43,8.4052,392,38.88,23.4132,0
642.03,1589.41,1399.93,553.63,2388.03,9069.27,47.3,522.38,2388.03,8154.18,8.4567,391,38.99,23.3528,0
642.3,1586.82,1400.63,553.9,2388.0,9077.56,47.38,522.15,2388.0,8152.6,8.3993,391,39.16,23.3222,0
641.93,1592.87,1396.62,554.04,2388.06,9069.93,47.2,521.99,2388.03,8157.78,8.4086,393,39.1,23.3386,0
641.75,1585.63,1405.08,554.68,2388.01,9075.13,47.24,521.84,2388.0,8159.49,8.4541,392,39.06,23.3738,0
642.3,1582.96,1397.73,554.57,2388.0,9083.28,47.34,522.38,2387.98,8153.9,8.4026,392,39.07,23.2803,0
642.45,1579.8,1400.93,553.86,2388.01,9078.74,47.22,522.14,2387.97,8155.0,8.4054,391,38.98,23.3129,0
642.73,1586.03,1407.52,553.83,2388.02,9079.14,47.31,522.58,2387.97,8162.87,8.4069,391,38.88,23.3955,0
642.28,1585.67,1406.02,554.18,2388.04,9077.31,47.44,522.11,2387.96,8160.39,8.3935,391,38.8,23.4026,0
642.28,1580.19,1398.93,554.37,2388.03,9085.25,47.23,522.12,2388.01,8158.56,8.414,393,38.82,23.3757,0
641.61,1595.71,1402.09,554.5,2388.02,9077.04,47.24,522.59,2387.97,8157.2,8.4635,392,38.95,23.3519,0
642.65,1586.1,1395.28,553.72,2387.98,9079.77,47.47,521.88,2388.02,8159.93,8.4019,392,38.92,23.3736,0
642.31,1590.47,1396.18,553.14,2388.01,9075.46,47.44,522.22,2388.04,8159.86,8.3847,391,39.03,23.3766,0
642.74,1586.64,1399.92,554.48,2388.03,9085.2,47.43,522.47,2388.05,8161.72,8.4237,391,38.89,23.264,0
642.52,1587.53,1399.67,553.62,2388.06,9089.17,47.27,521.89,2387.99,8159.75,8.4292,392,38.99,23.347,0
642.47,1591.14,1397.59,555.2,2388.0,9076.2,47.27,521.27,2387.98,8158.97,8.399,391,38.82,23.2983,0
642.11,1582.87,1405.06,554.0,2388.01,9079.84,47.4,521.84,2388.02,8163.53,8.4288,393,39.04,23.4057,0
642.81,1586.86,1403.65,554.0,2388.0,9080.62,47.3,522.01,2388.01,8157.32,8.4055,391,38.84,23.4128,0
642.03,1586.7,1410.02,554.17,2388.03,9086.91,47.09,521.9,2388.02,8163.03,8.4059,393,38.83,23.3331,0
642.41,1583.75,1408.99,554.12,2387.99,9078.15,47.3,521.88,2388.02,8160.35,8.4079,392,38.84,23.3403,0
642.48,1583.78,1402.22,553.84,2388.01,9083.14,47.38,522.01,2388.02,8159.01,8.4296,393,39.05,23.405,0
642.4,1579.98,1400.18,553.71,2388.01,9088.46,47.42,521.63,2388.0,8160.56,8.3977,392,38.87,23.4452,0
642.23,1587.81,1400.04,553.84,2387.98,9085.0,47.24,522.6,2387.98,8162.77,8.3446,391,39.07,23.4193,0
642.53,1586.18,1405.89,554.59,2388.03,9085.12,47.37,522.32,2388.0,8163.9,8.431,391,39.01,23.3323,0
642.37,1588.01,1406.95,554.55,2388.05,9084.75,47.19,522.4,2388.01,8162.83,8.4403,394,39.06,23.4883,0
642.75,1581.33,1402.7,553.69,2388.03,9085.19,47.36,522.1,2388.03,8164.54,8.3969,392,38.96,23.3868,0
642.73,1584.24,1405.39,553.63,2387.99,9089.08,47.37,521.45,2387.96,8165.11,8.4194,393,39.04,23.3931,0
642.42,1594.6,1401.95,554.18,2387.99,9082.47,47.53,521.85,2388.02,8164.07,8.3923,392,38.92,23.3166,0
642.5,1588.13,1402.21,554.18,2388.0,9091.61,47.21,521.84,2388.0,8160.94,8.4309,392,39.06,23.3924,0
642.29,1587.15,1408.11,553.94,2387.99,9079.35,47.44,521.99,2387.96,8160.03,8.4378,392,38.88,23.3767,0
642.59,1585.96,1409.73,554.89,2388.0,9094.33,47.3,521.2,2388.05,8160.37,8.4121,393,38.85,23.3854,0
642.33,1585.5,1400.86,553.68,2388.09,9085.09,47.54,521.45,2388.02,8167.42,8.4248,392,38.97,23.2836,0
642.31,1590.34,1412.93,554.55,2388.02,9094.31,47.49,521.5,2387.98,8164.39,8.4345,391,39.06,23.4439,0
642.68,1594.39,1397.83,554.03,2388.01,9084.28,47.2,521.99,2388.01,8169.85,8.4318,391,38.94,23.2717,0
642.16,1585.91,1400.94,553.9,2388.0,9096.19,47.19,521.97,2388.03,8170.6,8.4296,393,38.89,23.4489,0
642.92,1587.86,1406.51,553.97,2387.99,9089.61,47.44,521.64,2388.04,8166.66,8.4457,394,38.87,23.3339,0
642.28,1590.67,1400.6,553.73,2388.03,9099.52,47.31,521.21,2387.98,8171.18,8.4445,393,38.96,23.3283,0
642.7,1592.57,1402.09,553.62,2388.07,9084.88,47.36,521.39,2388.02,8167.12,8.4177,392,38.78,23.2402,0
642.32,1590.45,1413.96,553.71,2387.99,9094.69,47.5,521.74,2388.03,8170.44,8.4051,392,38.96,23.2618,0
642.42,1582.51,1406.52,553.4,2388.0,9094.19,47.4,522.09,2388.01,8171.24,8.4156,393,38.89,23.3774,0
642.39,1585.96,1401.63,553.62,2387.96,9087.64,47.5,521.84,2388.02,8168.64,8.4616,394,38.78,23.3298,0
642.69,1588.77,1403.13,554.62,2388.04,9098.94,47.25,521.92,2388.02,8169.93,8.4209,392,38.82,23.4195,0
642.67,1588.73,1402.08,553.87,2388.04,9097.55,47.33,521.2,2388.03,8172.98,8.4651,391,38.86,23.2964,0
642.39,1588.28,1408.85,553.33,2388.02,9090.54,47.37,521.39,2388.01,8172.88,8.4235,392,38.81,23.2202,0
642.5,1585.7,1405.64,553.45,2387.99,9101.15,47.22,521.68,2388.05,8170.93,8.4175,393,38.69,23.2296,0
643.0,1591.63,1403.59,554.41,2388.04,9102.92,47.36,522.32,2388.0,8178.94,8.4322,395,38.68,23.2428,0
642.51,1587.01,1407.68,554.06,2388.04,9102.78,47.45,521.83,2388.08,8172.57,8.472,393,38.85,23.3821,0
641.53,1591.51,1401.43,553.73,2388.03,9098.68,47.45,521.97,2387.96,8175.82,8.4383,392,38.9,23.2416,0
642.54,1583.44,1407.15,554.2,2388.06,9097.86,47.33,522.14,2388.03,8171.58,8.4134,394,38.91,23.3072,0
642.81,1582.34,1403.35,553.72,2388.07,9095.9,47.47,522.36,2388.08,8179.37,8.4436,395,38.83,23.3032,0
642.32,1601.41,1395.53,554.02,2388.02,9097.63,47.29,522.36,2388.01,8171.82,8.4977,393,38.92,23.2899,0
642.99,1592.53,1403.44,552.96,2388.01,9096.11,47.46,521.87,2388.08,8178.24,8.4421,394,38.81,23.2065,0
642.02,1595.99,1407.25,553.91,2388.03,9098.69,47.28,521.92,2388.04,8180.34,8.4062,393,38.68,23.423,0
642.9,1590.64,1400.44,554.76,2388.04,9101.8,47.47,521.72,2388.02,8180.95,8.4488,394,38.74,23.2552,0
642.75,1584.64,1407.27,553.46,2388.05,9100.32,47.53,522.52,2388.01,8183.33,8.4107,394,38.87,23.359,0
642.79,1597.99,1410.35,553.98,2387.99,9102.75,47.38,521.61,2388.02,8183.38,8.4439,393,38.84,23.3409,0
642.99,1589.6,1409.23,553.64,2388.0,9106.35,47.46,521.69,2388.06,8181.34,8.4136,393,38.78,23.3887,0
642.59,1589.32,1411.14,553.46,2388.03,9105.62,47.62,521.77,2388.08,8183.12,8.4167,394,38.78,23.2869,0
642.05,1585.45,1404.49,553.96,2387.99,9116.1,47.59,521.19,2388.01,8184.61,8.4509,393,38.78,23.3475,0
642.38,1588.41,1412.07,553.31,2388.02,9102.32,47.4,521.75,2388.03,8181.91,8.4377,393,38.96,23.3672,0
642.39,1595.3,1405.82,553.4,2388.06,9109.81,47.5,521.9,2388.03,8183.92,8.4336,391,38.78,23.2588,0
642.53,1592.39,1402.01,554.49,2388.05,9107.37,47.61,521.32,2388.07,8185.11,8.4658,395,38.81,23.3259,0
643.01,1585.15,1401.83,553.26,2388.03,9107.35,47.5,522.09,2387.98,8186.88,8.4261,393,38.94,23.3445,0
642.84,1594.15,1407.05,553.3,2388.01,9113.2,47.55,521.63,2387.99,8186.44,8.4266,394,38.73,23.3863,0
642.52,1591.88,1398.63,552.64,2388.01,9115.5,47.61,521.6,2388.03,8194.3,8.4368,393,38.82,23.3124,0
642.53,1598.55,1409.81,553.46,2387.99,9116.37,47.36,521.07,2388.02,8189.63,8.4457,393,38.77,23.2795,0
642.4,1590.33,1409.04,554.13,2388.09,9115.52,47.29,522.39,2388.04,8192.21,8.4212,394,38.89,23.4084,0
642.62,1599.39,1413.47,554.13,2388.04,9118.25,47.52,521.57,2388.07,8191.67,8.4314,394,38.78,23.3541,0
642.34,1593.36,1405.29,553.74,2388.04,9125.49,47.65,521.82,2388.01,8198.76,8.4363,393,38.72,23.2895,0
643.0,1589.45,1408.22,553.61,2388.02,9119.91,47.54,521.84,2388.04,8194.35,8.4462,392,38.64,23.2525,0
643.22,1589.68,1409.3,553.89,2387.95,9121.12,47.48,521.61,2388.01,8196.27,8.4243,394,38.87,23.4068,0
642.66,1586.88,1416.42,553.95,2388.0,9126.4,47.46,521.64,2387.99,8197.29,8.4432,396,38.8,23.2577,0
643.01,1595.3,1410.89,552.99,2388.04,9128.35,47.48,521.63,2388.06,8200.61,8.4453,395,38.94,23.251,0
642.46,1596.92,1409.87,553.21,2388.01,9129.75,47.38,521.42,2387.99,8195.52,8.4531,393,38.72,23.2873,0
642.62,1592.95,1414.64,553.64,2388.01,9135.74,47.43,520.74,2388.08,8198.78,8.4348,395,38.6,23.2724,0
642.51,1587.81,1404.95,552.75,2388.05,9128.62,47.57,522.02,2388.11,8199.95,8.4221,393,38.59,23.2359,0
643.5,1590.29,1412.13,553.41,2388.05,9129.75,47.61,521.54,2388.1,8202.95,8.4673,394,38.74,23.3566,0
642.69,1592.0,1410.23,553.27,2388.08,9142.16,47.71,521.72,2388.13,8206.38,8.4673,393,38.71,23.1459,0
642.36,1585.28,1415.33,553.9,2388.07,9139.44,47.4,521.62,2388.06,8208.5,8.4708,394,38.56,23.2619,0
643.13,1594.73,1414.11,554.05,2388.06,9142.45,47.62,520.94,2388.04,8211.98,8.4617,392,38.74,23.1588,0
642.42,1591.26,1410.07,554.59,2388.03,9132.51,47.66,521.41,2388.08,8211.23,8.4673,395,38.83,23.1801,0
642.81,1598.64,1410.85,552.84,2388.03,9140.4,47.55,521.54,2388.1,8213.18,8.4677,394,38.75,23.366,0
642.06,1590.76,1411.55,553.29,2388.03,9138.14,47.52,521.24,2388.07,8214.83,8.4839,394,38.92,23.2684,0
642.78,1596.3,1416.51,553.65,2387.99,9144.42,47.56,520.8,2388.08,8211.55,8.4286,395,38.84,23.1209,0
643.34,1587.42,1418.81,552.44,2388.07,9146.09,47.54,521.44,2388.05,8216.44,8.4793,396,38.74,23.2117,0
642.65,1588.68,1419.31,552.76,2387.99,9151.35,47.61,521.16,2388.05,8216.59,8.4426,395,38.6,23.2698,0
642.67,1596.45,1417.79,552.98,2388.11,9146.51,47.65,521.23,2388.07,8217.88,8.4719,394,38.68,23.1415,0
643.08,1600.75,1409.2,553.76,2388.06,9145.09,47.69,521.11,2388.08,8222.06,8.488,396,38.91,23.2077,0
643.33,1591.12,1410.65,553.24,2388.11,9155.19,47.77,521.29,2388.09,8224.0,8.4692,394,38.84,23.1579,0
642.83,1596.06,1421.92,553.07,2388.04,9158.94,47.68,520.72,2388.05,8229.16,8.4857,396,38.78,23.0752,0
642.71,1600.12,1417.16,552.69,2388.06,9161.25,47.65,521.02,2388.09,8224.14,8.4822,394,38.68,23.1974,0
642.91,1600.75,1417.84,553.08,2388.03,9164.03,47.94,520.29,2388.1,8227.46,8.4596,396,38.7,23.2743,0
643.02,1594.41,1416.99,552.56,2388.09,9170.04,47.89,520.94,2388.0,8228.92,8.471,394,38.64,23.2122,0
643.28,1597.42,1408.66,553.21,2388.14,9167.05,47.62,521.33,2388.1,8230.32,8.4773,396,38.64,23.1549,0
643.13,1594.97,1413.88,552.92,2388.12,9167.78,47.81,520.44,2388.12,8235.98,8.4626,395,38.79,23.1464,0
643.07,1601.76,1421.3,553.06,2388.1,9172.79,47.68,520.6,2388.06,8240.15,8.478,397,38.43,23.1378,0
643.4,1601.0,1407.63,553.0,2388.1,9171.45,47.97,521.03,2388.09,8241.36,8.5016,397,38.58,23.2,0
643.29,1594.66,1421.11,552.89,2388.08,9167.0,47.64,521.04,2388.13,8237.72,8.5073,397,38.41,23.1774,0
643.33,1598.76,1415.13,553.18,2388.06,9182.87,47.59,520.88,2388.1,8243.81,8.5131,395,38.72,23.1518,0
643.35,1601.96,1422.96,552.45,2388.08,9183.28,47.87,520.87,2388.1,8247.86,8.4863,396,38.45,23.1485,0
643.43,1600.6,1418.94,553.21,2388.06,9187.13,47.8,521.0,2388.06,8250.12,8.4868,396,38.52,23.1516,0
643.08,1598.16,1425.57,552.01,2388.13,9191.86,48.01,520.72,2388.1,8255.4,8.5087,395,38.6,23.2172,1
643.71,1603.59,1419.42,552.2,2388.1,9190.24,47.9,520.73,2388.06,8248.76,8.5139,395,38.65,23.1358,1
643.59,1604.0,1418.92,552.25,2388.12,9194.76,47.95,520.88,2388.1,8262.29,8.4945,395,38.4,23.1297,1
643.36,1606.43,1426.57,552.39,2388.07,9202.57,47.93,521.02,2388.07,8263.32,8.5171,395,38.51,23.1291,1
643.87,1598.18,1430.13,552.29,2388.11,9198.81,47.78,520.47,2388.15,8266.63,8.4576,395,38.36,23.2052,1
642.95,1604.22,1419.28,551.99,2388.05,9207.82,47.92,520.97,2388.12,8264.65,8.4938,396,38.5,23.0366,1
643.75,1608.61,1426.16,552.33,2388.16,9208.97,47.76,520.14,2388.12,8272.65,8.4803,397,38.64,23.1457,1
643.82,1598.89,1420.08,550.98,2388.09,9210.41,48.04,520.68,2388.11,8271.59,8.5145,395,38.51,23.0815,1
644.18,1600.93,1425.22,551.62,2388.11,9214.52,48.0,520.29,2388.12,8270.51,8.4947,396,38.59,23.0387,1
643.39,1600.58,1429.6,551.83,2388.19,9221.31,48.12,520.76,2388.2,8276.2,8.5112,397,38.49,23.0147,1
644.02,1609.54,1435.19,551.65,2388.52,9228.53,47.98,520.53,2388.55,8290.25,8.4923,398,38.45,23.0188,2
642.31,1595.57,1401.2,553.33,2388.12,9041.44,47.52,521.72,2388.12,8128.95,8.419,394,38.87,23.3481,0
642.37,1583.9,1400.51,553.25,2388.1,9044.2,47.54,521.68,2388.12,8121.26,8.4351,392,38.62,23.229,0
643.07,1588.82,1408.52,553.36,2388.14,9044.87,47.51,521.15,2388.14,8126.3,8.4225,392,38.77,23.2212,0
642.74,1589.17,1410.89,553.59,2388.13,9044.73,47.3,521.25,2388.1,8130.1,8.4122,393,38.9,23.1871,0
642.67,1597.75,1406.88,553.22,2388.06,9038.16,47.42,521.43,2388.1,8118.92,8.4456,393,38.79,23.2603,0
642.48,1591.5,1406.92,553.69,2388.14,9038.0,47.53,522.11,2388.17,8128.21,8.4061,392,38.8,23.3882,0
642.79,1586.42,1403.15,553.81,2388.04,9042.66,47.42,521.31,2388.09,8125.82,8.4086,392,38.79,23.2537,0
642.84,1583.72,1402.64,553.39,2388.14,9052.53,47.39,521.24,2388.08,8121.69,8.415,393,38.85,23.3083,0
642.54,1589.21,1408.57,553.43,2388.13,9048.25,47.6,521.3,2388.13,8129.77,8.4307,392,38.84,23.2707,0
642.1,1582.51,1402.66,553.28,2388.08,9045.12,47.44,521.48,2388.12,8129.52,8.4286,394,38.91,23.21,0
642.65,1586.08,1406.77,553.89,2388.11,9041.0,47.44,521.85,2388.1,8127.82,8.4157,392,38.85,23.3905,0
641.96,1591.5,1404.06,553.66,2388.16,9036.62,47.56,521.78,2388.1,8124.51,8.386,392,38.89,23.3118,0
642.66,1584.42,1389.68,552.93,2388.1,9050.28,47.52,521.87,2388.14,8123.05,8.4244,393,39.14,23.2094,0
642.46,1582.09,1412.11,554.38,2388.09,9050.1,47.63,521.81,2388.13,8121.3,8.4668,391,38.76,23.3011,0
642.69,1586.17,1406.92,553.34,2388.11,9052.51,47.59,521.24,2388.1,8127.6,8.42,395,38.78,23.2952,0
642.53,1588.85,1405.52,553.11,2388.13,9050.71,47.38,522.02,2388.08,8122.41,8.4268,393,38.87,23.4287,0
642.56,1593.82,1410.71,553.73,2388.12,9043.58,47.46,521.83,2388.13,8129.76,8.441,392,38.85,23.2939,0
642.75,1593.13,1406.56,553.37,2388.1,9047.39,47.6,521.63,2388.18,8124.01,8.3984,393,38.94,23.1498,0
642.42,1581.02,1396.56,552.79,2388.13,9052.51,47.44,521.78,2388.11,8121.95,8.4266,392,38.82,23.2514,0
642.7,1586.6,1406.91,553.45,2388.16,9047.83,47.56,521.66,2388.14,8134.64,8.4143,393,38.77,23.2923,0
642.28,1597.79,1401.38,553.74,2388.08,9038.49,47.41,521.62,2388.11,8127.2,8.4262,393,38.84,23.3315,0
642.91,1588.33,1404.09,553.31,2388.12,9054.22,47.52,521.65,2388.12,8125.94,8.4206,393,38.84,23.2878,0
642.27,1588.82,1408.5,553.57,2388.15,9035.05,47.2,521.44,2388.13,8128.59,8.4183,394,38.89,23.3006,0
643.54,1581.77,1408.63,553.81,2388.1,9043.09,47.44,521.03,2388.08,8121.02,8.4238,393,38.63,23.2887,0
643.03,1590.76,1404.64,553.99,2388.08,9049.72,47.51,521.42,2388.11,8124.23,8.4059,391,38.76,23.368,0
642.17,1589.64,1408.56,553.42,2388.09,9042.85,47.56,521.78,2388.1,8120.35,8.4198,392,38.89,23.3934,0
642.41,1592.51,1409.84,553.69,2388.13,9046.1,47.49,521.6,2388.13,8122.99,8.4303,392,38.94,23.2167,0
642.25,1584.27,1405.18,553.62,2388.1,9049.57,47.39,521.82,2388.1,8123.05,8.426,393,38.91,23.3103,0
643.17,1589.79,1411.59,553.16,2388.16,9041.75,47.53,521.31,2388.1,8118.11,8.416,394,39.05,23.3732,0
642.59,1584.97,1402.61,553.21,2388.08,9041.51,47.31,521.58,2388.1,8125.89,8.4391,393,38.78,23.2756,0
642.51,1589.2,1403.36,553.46,2388.14,9041.32,47.37,521.06,2388.12,8124.1,8.4114,393,38.74,23.3764,0
642.93,1589.06,1409.03,552.88,2388.17,9042.04,47.71,521.37,2388.14,8127.59,8.3945,392,38.87,23.2173,0
642.05,1590.63,1408.19,553.32,2388.12,9042.16,47.69,521.32,2388.15,8123.6,8.4585,394,38.9,23.2626,0
642.65,1593.91,1404.79,553.29,2388.11,9042.22,47.41,521.56,2388.13,8118.93,8.4204,393,38.84,23.3675,0
643.45,1590.74,1404.67,553.56,2388.12,9045.23,47.24,521.99,2388.08,8129.16,8.4142,393,39.04,23.1894,0
641.9,1591.63,1404.88,553.57,2388.12,9042.5,47.51,521.43,2388.14,8123.04,8.4674,393,38.95,23.2955,0
642.49,1592.13,1408.03,554.29,2388.14,9049.26,47.55,521.51,2388.14,8127.96,8.4318,393,38.95,23.2534,0
642.64,1583.5,1409.77,553.69,2388.07,9049.03,47.63,521.5,2388.09,8125.54,8.419,393,38.75,23.3002,0
642.39,1582.69,1404.45,553.25,2388.1,9041.99,47.55,521.35,2388.11,8126.35,8.4512,393,38.77,23.3319,0
642.29,1585.78,1410.14,553.36,2388.14,9041.12,47.45,521.5,2388.15,8121.9,8.4687,393,38.75,23.3071,0
642.77,1589.44,1411.41,553.92,2388.12,9046.19,47.42,521.86,2388.09,8122.96,8.4625,393,38.87,23.303,0
642.81,1591.09,1401.27,553.08,2388.1,9039.47,47.54,521.68,2388.14,8121.85,8.4485,392,38.84,23.3008,0
642.41,1586.5,1407.63,553.37,2388.17,9049.53,47.56,521.66,2388.08,8127.64,8.3887,392,38.88,23.3528,0
642.46,1586.31,1410.46,552.87,2388.12,9037.6,47.54,521.43,2388.13,8122.48,8.444,393,38.89,23.3859,0
642.58,1587.28,1405.66,553.57,2388.11,9043.65,47.6,521.32,2388.13,8128.3,8.4392,393,38.71,23.2468,0
642.26,1594.31,1415.29,553.98,2388.15,9051.83,47.69,521.76,2388.11,8127.5,8.4373,393,38.87,23.2625,0
642.58,1592.7,1409.25,553.62,2388.14,9045.06,47.66,521.44,2388.15,8129.1,8.4445,394,38.66,23.3348,0
642.32,1585.86,1405.65,553.17,2388.11,9042.14,47.54,521.62,2388.12,8128.5,8.4496,393,38.73,23.28,0
642.48,1584.77,1407.57,552.98,2388.14,9053.19,47.51,520.93,2388.08,8121.3,8.4799,393,38.98,23.4417,0
642.35,1587.4,1403.72,553.53,2388.1,9041.8,47.54,521.77,2388.13,8125.62,8.4328,392,38.81,23.2344,0
642.1,1593.78,1404.47,553.4,2388.07,9053.36,47.41,521.54,2388.19,8127.66,8.4382,392,38.89,23.3237,0
642.44,1589.79,1403.74,553.18,2388.13,9045.93,47.48,521.37,2388.14,8126.44,8.3865,392,38.98,23.3352,0
642.09,1593.19,1404.18,553.04,2388.11,9044.54,47.55,521.56,2388.07,8125.56,8.4438,393,38.83,23.2421,0
642.57,1589.47,1403.5,553.96,2388.16,9043.73,47.51,521.4,2388.11,8121.68,8.4498,393,38.61,23.2013,0
642.66,1593.9,1409.4,553.46,2388.11,9049.17,47.56,521.51,2388.1,8126.9,8.4012,392,38.83,23.3161,0
642.43,1595.59,1412.24,553.0,2388.1,9039.12,47.53,521.54,2388.13,8127.94,8.4505,392,38.74,23.2486,0
642.28,1587.92,1402.66,553.35,2388.13,9046.22,47.69,521.22,2388.12,8123.36,8.4481,393,38.7,23.3669,0
642.95,1592.41,1409.13,553.63,2388.1,9045.97,47.59,521.17,2388.1,8123.16,8.4345,392,38.79,23.3413,0
642.43,1589.59,1409.11,553.38,2388.09,9046.71,47.56,522.0,2388.11,8124.28,8.4183,393,38.95,23.2474,0
642.73,1595.22,1402.88,554.35,2388.14,9039.75,47.64,521.22,2388.1,8124.89,8.4686,393,38.9,23.2885,0
642.92,1596.38,1410.74,552.77,2388.11,9047.97,47.54,521.35,2388.11,8126.46,8.4509,393,38.96,23.3148,0
642.92,1594.92,1411.51,553.47,2388.13,9048.04,47.47,521.4,2388.14,8131.26,8.4407,393,38.75,23.2271,0
642.19,1586.72,1408.98,553.33,2388.16,9051.66,47.56,520.85,2388.18,8128.32,8.456,393,38.9,23.2818,0
642.73,1602.22,1408.2,553.96,2388.16,9039.4,47.62,521.55,2388.12,8126.21,8.4412,393,38.93,23.4138,0
642.33,1594.69,1407.33,553.6,2388.14,9048.62,47.46,521.33,2388.11,8132.0,8.465,393,38.8,23.3232,0
642.64,1590.76,1412.31,553.46,2388.17,9040.16,47.66,521.13,2388.18,8124.96,8.456,393,38.87,23.3365,0
642.05,1583.12,1406.63,553.52,2388.12,9041.84,47.5,521.04,2388.15,8126.01,8.4365,392,38.87,23.3682,0
643.14,1584.12,1415.83,553.32,2388.09,9046.75,47.33,521.08,2388.1,8127.79,8.4388,394,38.66,23.3793,0
642.25,1585.18,1405.75,553.19,2388.16,9040.0,47.66,521.72,2388.12,8130.13,8.4297,393,38.88,23.3328,0
642.89,1587.82,1410.67,553.69,2388.11,9042.29,47.52,521.37,2388.09,8129.79,8.4111,393,39.04,23.1984,0
642.49,1592.68,1407.86,553.57,2388.12,9047.44,47.47,521.03,2388.12,8127.94,8.4314,393,38.57,23.1957,0
642.49,1587.98,1406.75,552.73,2388.11,9044.75,47.47,521.46,2388.12,8122.29,8.4654,392,38.76,23.4077,0
642.83,1581.49,1412.9,554.19,2388.14,9048.79,47.43,521.67,2388.12,8125.74,8.4445,392,38.73,23.3167,0
642.55,1589.2,1417.38,553.6,2388.12,9042.44,47.61,520.96,2388.11,8123.81,8.4489,394,38.67,23.3266,0
643.03,1587.12,1406.02,553.42,2388.1,9044.13,47.6,521.05,2388.09,8120.63,8.4288,392,38.91,23.259,0
642.54,1586.46,1412.26,552.71,2388.11,9046.56,47.49,521.44,2388.14,8124.68,8.3922,393,38.93,23.2817,0
642.45,1586.36,1412.17,553.44,2388.09,9048.26,47.43,521.61,2388.11,8128.37,8.4001,392,38.83,23.3002,0
643.28,1596.87,1411.91,553.8,2388.11,9047.84,47.58,521.29,2388.13,8128.24,8.4163,392,38.83,23.3029,0
642.77,1586.31,1406.54,553.28,2388.12,9051.13,47.62,521.26,2388.13,8126.3,8.4311,394,38.84,23.2196,0
642.71,1591.58,1411.07,553.65,2388.12,9051.04,47.48,521.19,2388.16,8129.4,8.4636,392,39.0,23.2872,0
643.05,1596.82,1413.28,553.18,2388.14,9050.58,47.54,521.33,2388.13,8126.03,8.4389,394,38.87,23.2843,0
642.71,1587.19,1410.41,552.73,2388.13,9041.52,47.46,520.76,2388.12,8128.21,8.4584,393,38.96,23.2967,0
642.96,1584.66,1411.53,552.86,2388.09,9043.9,47.72,521.52,2388.08,8130.61,8.4427,395,38.64,23.1529,0
642.69,1594.57,1409.7,554.33,2388.14,9047.11,47.33,521.36,2388.15,8125.65,8.459,393,38.87,23.2499,0
642.75,1594.64,1407.77,553.11,2388.12,9033.33,47.51,521.28,2388.15,8125.84,8.4315,392,38.84,23.2652,0
642.9,1587.98,1405.42,553.41,2388.08,9046.47,47.4,521.3,2388.12,8125.6,8.4129,393,38.8,23.2511,0
642.13,1594.83,1411.49,552.99,2388.11,9044.06,47.55,521.33,2388.09,8128.0,8.4635,393,38.84,23.3938,0
642.73,1590.17,1411.61,553.02,2388.16,9049.85,47.53,521.13,2388.14,8128.85,8.43,392,38.88,23.24,0
642.35,1592.32,1404.61,553.79,2388.16,9045.96,47.49,521.03,2388.15,8127.32,8.3946,392,38.92,23.3491,0
642.55,1598.89,1412.16,553.3,2388.12,9037.6,47.38,521.17,2388.12,8129.22,8.4151,393,38.77,23.3834,0
642.89,1594.01,1403.77,553.47,2388.15,9042.59,47.65,521.62,2388.14,8127.79,8.4251,392,38.94,23.2363,0
642.65,1584.1,1410.7,553.45,2388.14,9050.24,47.38,521.04,2388.17,8129.8,8.4759,392,38.89,23.3538,0
643.02,1593.62,1408.16,553.84,2388.13,9037.25,47.56,521.32,2388.09,8119.21,8.4199,394,38.82,23.2435,0
642.85,1598.51,1404.21,553.04,2388.13,9048.32,47.75,521.34,2388.2,8126.16,8.4564,393,38.75,23.2999,0
642.59,1591.74,1404.04,553.72,2388.14,9047.75,47.6,521.34,2388.11,8126.73,8.4596,393,38.77,23.38,0
642.67,1591.06,1412.07,553.03,2388.11,9036.31,47.53,521.52,2388.12,8127.92,8.4166,393,38.77,23.3117,0
642.85,1590.23,1412.59,552.91,2388.16,9041.37,47.57,520.72,2388.09,8131.0,8.4448,394,38.76,23.3442,0
642.67,1583.72,1418.35,552.75,2388.14,9043.12,47.76,520.75,2388.14,8130.01,8.4657,391,38.76,23.2831,0
643.3,1589.48,1410.44,553.56,2388.17,9046.71,47.37,521.03,2388.13,8126.91,8.462,393,38.86,23.2351,0
642.55,1587.58,1408.95,552.86,2388.15,9043.91,47.75,521.48,2388.15,8129.87,8.437,392,38.94,23.3381,0
642.64,1584.88,1407.76,553.27,2388.15,9044.18,47.41,520.92,2388.14,8132.73,8.4571,392,38.73,23.1751,0
642.21,1595.3,1406.31,553.05,2388.16,9032.99,47.56,521.08,2388.17,8124.37,8.4576,394,38.6,23.3487,0
642.66,1589.73,1408.27,552.91,2388.14,9045.1,47.71,521.13,2388.16,8121.25,8.4765,394,38.7,23.2772,0
642.26,1586.04,1410.59,553.53,2388.14,9048.59,47.53,521.74,2388.09,8123.75,8.4437,394,38.75,23.1774,0
642.7,1594.92,1406.62,552.78,2388.15,9051.16,47.53,521.36,2388.18,8126.92,8.4663,393,38.81,23.304,0
643.03,1588.9,1416.69,553.77,2388.15,9047.99,47.61,521.69,2388.1,8126.96,8.4299,393,38.71,23.2877,0
642.65,1591.83,1408.18,553.26,2388.15,9049.03,47.61,521.43,2388.09,8128.67,8.4329,393,38.78,23.2249,0
642.33,1599.75,1405.7,552.96,2388.1,9052.15,47.64,521.66,2388.12,8129.36,8.4277,395,38.66,23.2367,0
642.72,1592.49,1411.15,553.02,2388.09,9051.37,47.64,521.66,2388.12,8123.84,8.4267,392,38.79,23.2572,0
642.73,1589.49,1409.69,552.65,2388.17,9051.72,47.64,521.18,2388.14,8128.52,8.4962,395,38.87,23.3109,0
642.99,1595.28,1407.06,552.8,2388.15,9046.09,47.54,521.33,2388.11,8120.37,8.413,393,38.74,23.2977,0
642.75,1592.07,1406.83,553.2,2388.14,9039.91,47.54,521.4,2388.13,8127.48,8.4154,394,38.95,23.2976,0
642.57,1592.95,1411.27,553.03,2388.16,9048.12,47.88,521.2,2388.14,8127.18,8.4695,394,38.66,23.3278,0
642.61,1588.87,1411.2,553.28,2388.11,9042.1,47.68,520.67,2388.11,8124.25,8.4543,393,38.61,23.2703,0
643.18,1587.02,1415.31,552.99,2388.16,9053.18,47.61,521.38,2388.11,8126.45,8.4637,394,38.8,23.3781,0
642.81,1590.1,1405.01,552.55,2388.12,9046.42,47.59,521.09,2388.12,8131.39,8.4257,394,38.71,23.3232,0
643.17,1596.81,1407.67,553.25,2388.11,9047.39,47.69,521.35,2388.15,8127.56,8.4291,393,38.66,23.2735,0
642.89,1588.57,1416.41,553.03,2388.16,9047.61,47.62,521.16,2388.16,8123.12,8.4205,394,38.63,23.2938,0
643.1,1583.6,1411.27,553.12,2388.13,9050.82,47.49,521.09,2388.08,8132.66,8.4241,393,38.89,23.2403,0
642.63,1594.69,1410.25,553.02,2388.14,9041.05,47.44,521.15,2388.12,8127.91,8.463,393,38.81,23.1605,0
642.88,1589.37,1413.19,553.43,2388.17,9046.73,47.62,521.24,2388.16,8125.56,8.4656,394,38.84,23.1794,0
642.21,1591.46,1413.56,552.96,2388.18,9043.66,47.72,521.32,2388.15,8126.47,8.4407,393,38.98,23.2443,0
642.99,1594.62,1411.09,553.06,2388.16,9042.09,47.77,520.94,2388.13,8128.07,8.4406,391,38.71,23.2554,0
642.49,1591.09,1411.18,553.0,2388.17,9047.0,47.64,521.1,2388.14,8118.58,8.4107,393,38.78,23.2694,0
643.12,1592.99,1409.5,552.81,2388.13,9051.87,47.72,520.89,2388.18,8127.5,8.4489,392,38.94,23.2548,0
643.05,1589.8,1403.94,552.52,2388.13,9041.95,47.62,521.25,2388.16,8129.75,8.4692,394,38.72,23.321,0
642.62,1581.8,1404.83,553.01,2388.18,9054.59,47.51,521.32,2388.17,8133.24,8.4298,391,38.81,23.2819,0
642.61,1592.03,1417.94,553.49,2388.15,9053.44,47.46,520.77,2388.15,8130.1,8.4433,394,38.94,23.2662,0
642.86,1583.56,1407.12,553.08,2388.08,9047.36,47.7,521.47,2388.11,8129.5,8.4198,394,38.99,23.2648,0
642.46,1586.31,1408.89,552.96,2388.14,9045.11,47.76,521.69,2388.15,8124.78,8.4593,393,38.66,23.2575,0
642.74,1591.85,1415.46,552.93,2388.15,9053.6,47.69,521.08,2388.14,8124.69,8.4677,394,38.56,23.2752,0
643.06,1595.34,1415.01,553.18,2388.17,9045.07,47.69,520.77,2388.14,8127.56,8.4841,394,38.69,23.2147,0
643.19,1589.07,1408.2,553.09,2388.18,9042.2,47.75,520.72,2388.11,8131.7,8.4609,395,38.85,23.4292,0
642.81,1595.47,1418.93,552.98,2388.11,9050.85,47.63,521.16,2388.15,8128.69,8.4287,394,38.7,23.3183,0
642.85,1589.96,1416.63,553.1,2388.18,9054.46,47.81,520.77,2388.14,8131.06,8.4724,393,38.62,23.1865,0
642.89,1590.77,1409.45,552.69,2388.14,9050.5,47.61,521.07,2388.17,8129.08,8.4506,393,38.58,23.1275,0
643.04,1587.7,1415.05,553.39,2388.21,9054.92,47.43,521.04,2388.14,8127.05,8.4435,393,38.73,23.2724,0
642.46,1595.26,1408.44,552.72,2388.15,9040.01,47.74,521.28,2388.17,8126.26,8.4309,394,38.94,23.3259,0
643.15,1591.5,1418.85,552.54,2388.14,9049.05,47.41,520.65,2388.16,8126.78,8.4672,393,38.79,23.2748,0
642.58,1597.01,1412.54,553.18,2388.13,9040.91,47.71,521.31,2388.15,8127.0,8.4738,394,38.86,23.2843,0
642.95,1587.88,1414.95,552.73,2388.18,9048.93,47.73,521.57,2388.12,8130.77,8.4181,394,38.86,23.2873,0
642.83,1592.21,1414.31,553.16,2388.15,9051.25,47.67,521.11,2388.15,8123.56,8.4615,395,38.68,23.3007,0
642.61,1591.78,1419.28,553.11,2388.18,9050.0,47.57,521.25,2388.18,8122.31,8.4429,393,38.72,23.277,0
643.31,1588.59,1415.31,553.4,2388.15,9060.27,47.63,521.18,2388.11,8127.72,8.4564,394,38.73,23.3002,0
642.58,1597.26,1412.29,552.48,2388.18,9052.93,47.82,520.72,2388.16,8129.65,8.4711,393,38.87,23.1744,0
642.83,1588.1,1420.95,552.25,2388.22,9039.07,47.61,520.88,2388.11,8123.06,8.4477,394,38.81,23.1877,0
643.06,1583.77,1413.08,552.65,2388.11,9047.69,47.68,521.1,2388.12,8131.24,8.4503,394,38.8,23.2493,0
643.71,1599.8,1419.15,552.58,2388.2,9046.98,47.95,521.08,2388.19,8130.93,8.4635,395,38.7,23.1896,0
642.32,1595.76,1406.58,552.41,2388.19,9049.28,47.9,521.08,2388.16,8136.89,8.4486,395,38.6,23.2546,0
642.72,1592.9,1411.83,552.59,2388.08,9051.37,47.85,521.08,2388.14,8128.52,8.4784,392,38.93,23.2818,0
642.37,1601.61,1407.43,552.94,2388.15,9058.66,47.85,520.32,2388.2,8133.38,8.4571,394,38.63,23.3411,0
642.93,1587.16,1420.99,552.4,2388.18,9050.73,47.69,521.08,2388.19,8129.14,8.4583,394,38.7,23.2323,0
642.79,1593.76,1415.15,552.76,2388.19,9055.13,47.73,520.69,2388.16,8130.59,8.4366,393,38.69,23.2917,0
643.25,1591.43,1412.76,553.06,2388.1,9056.91,47.62,520.88,2388.18,8126.83,8.4506,394,38.72,23.3045,0
642.57,1589.48,1415.94,552.41,2388.2,9056.28,47.56,520.8,2388.16,8126.23,8.4653,394,38.58,23.1464,0
642.79,1594.77,1415.85,552.36,2388.16,9049.43,47.57,521.02,2388.14,8129.05,8.4839,394,38.91,23.2816,0
642.49,1594.0,1413.11,552.13,2388.2,9054.69,47.79,521.0,2388.16,8129.94,8.4936,394,38.56,23.2103,0
642.93,1596.7,1414.66,552.06,2388.22,9051.37,47.68,520.69,2388.22,8131.77,8.4817,394,38.54,23.2619,0
642.86,1592.2,1421.05,552.51,2388.18,9050.99,47.77,520.57,2388.14,8129.5,8.5062,393,38.5,23.1741,0
643.1,1587.88,1412.96,552.02,2388.25,9052.9,47.64,521.21,2388.2,8127.27,8.508,395,38.69,23.2708,0
643.71,1597.09,1418.8,552.93,2388.15,9050.53,47.65,520.74,2388.12,8134.53,8.4427,395,38.8,23.2943,0
643.02,1594.63,1420.69,552.44,2388.2,9047.74,47.85,521.1,2388.12,8128.47,8.5198,395,38.6,23.2265,0
642.71,1596.12,1410.52,552.35,2388.19,9051.36,47.83,520.16,2388.15,8128.56,8.4981,397,38.58,23.1522,0
643.16,1593.52,1413.06,552.35,2388.19,9046.93,47.68,520.31,2388.15,8130.87,8.4667,396,38.59,23.1956,0
642.99,1598.2,1418.34,552.74,2388.19,9049.8,47.83,521.08,2388.23,8128.97,8.4564,394,38.87,23.243,0
642.91,1596.27,1420.58,552.5,2388.16,9050.45,47.71,520.46,2388.21,8130.96,8.4702,394,38.56,23.2507,0
643.04,1591.8,1419.46,552.12,2388.19,9051.71,47.71,520.88,2388.16,8131.52,8.459,395,38.68,23.1924,0
642.28,1594.04,1425.86,552.43,2388.17,9052.42,47.92,520.87,2388.16,8129.73,8.4911,396,38.83,23.1747,0
642.95,1588.35,1417.26,552.52,2388.21,9061.9,48.01,520.53,2388.18,8126.88,8.4834,393,38.73,23.1119,0
642.7,1596.33,1422.19,552.91,2388.21,9053.78,47.77,520.9,2388.17,8129.07,8.4831,395,38.72,23.2716,0
643.1,1595.11,1414.76,551.87,2388.19,9060.23,47.77,520.71,2388.19,8135.33,8.4644,394,38.76,23.1836,0
643.32,1600.19,1421.2,552.88,2388.14,9052.9,47.94,521.22,2388.16,8135.55,8.4647,395,38.73,23.1155,0
643.48,1600.94,1420.94,552.87,2388.17,9057.8,47.77,520.57,2388.16,8137.76,8.4889,394,38.66,23.2022,0
643.27,1594.78,1418.93,551.79,2388.14,9043.21,47.62,520.46,2388.18,8127.84,8.4934,396,38.57,23.2351,0
642.88,1598.03,1418.26,552.78,2388.2,9059.3,47.82,520.72,2388.21,8135.73,8.5106,395,38.68,23.1267,0
643.02,1594.53,1423.65,552.3,2388.2,9048.46,47.91,519.94,2388.22,8133.65,8.5042,393,38.55,23.1877,0
643.4,1600.06,1416.9,552.38,2388.16,9054.13,47.78,520.3,2388.19,8130.69,8.4835,396,38.62,23.1796,0
643.01,1599.47,1417.26,552.19,2388.21,9059.67,47.79,520.85,2388.25,8134.91,8.4558,396,38.62,23.1078,0
643.2,1595.24,1417.57,553.12,2388.16,9056.85,47.99,520.52,2388.18,8131.84,8.4878,394,38.37,23.1942,0
643.66,1591.83,1412.99,552.72,2388.19,9057.07,47.81,520.4,2388.21,8132.12,8.4653,394,38.6,23.2724,0
642.75,1592.99,1417.27,551.94,2388.2,9057.15,47.75,520.66,2388.2,8132.71,8.5031,394,38.67,23.2777,0
643.19,1602.6,1427.34,551.73,2388.22,9055.67,47.96,519.91,2388.25,8130.44,8.4748,394,38.62,23.0867,0
642.75,1591.31,1411.85,552.4,2388.18,9050.45,47.94,520.32,2388.21,8132.37,8.4982,396,38.5,23.1203,0
642.9,1591.54,1420.59,552.0,2388.18,9050.76,47.87,520.21,2388.18,8133.46,8.5173,395,38.61,23.0887,0
642.74,1596.08,1417.62,551.74,2388.2,9052.72,47.91,520.01,2388.22,8134.66,8.5033,394,38.53,23.2249,0
642.97,1597.13,1417.4,551.98,2388.24,9060.69,47.81,520.91,2388.19,8132.57,8.515,396,38.62,23.0599,0
643.46,1598.97,1414.84,553.18,2388.21,9045.13,47.78,520.28,2388.2,8128.3,8.4991,396,38.53,23.2028,0
642.66,1589.6,1422.8,551.43,2388.23,9055.23,47.95,520.73,2388.21,8126.41,8.4925,395,38.39,23.0949,0
642.79,1595.15,1420.13,552.06,2388.21,9056.74,48.02,520.37,2388.21,8133.96,8.4859,395,38.58,23.2186,0
642.74,1600.09,1418.94,551.23,2388.21,9059.53,47.96,520.76,2388.18,8129.27,8.4972,395,38.56,23.1198,0
643.79,1592.77,1428.35,552.3,2388.27,9059.27,47.82,520.13,2388.23,8128.91,8.4903,395,38.63,23.1865,0
642.7,1598.82,1425.99,552.05,2388.24,9061.41,48.0,520.68,2388.19,8132.5,8.5033,394,38.61,23.2251,0
643.75,1600.14,1423.97,551.95,2388.17,9056.58,47.94,520.37,2388.24,8133.98,8.5273,394,38.61,23.1785,0
643.25,1594.99,1428.22,551.89,2388.23,9062.39,48.06,519.78,2388.23,8130.56,8.4601,395,38.66,23.0321,0
643.82,1604.4,1427.23,551.28,2388.21,9051.67,48.03,519.93,2388.27,8134.37,8.4918,397,38.56,23.0371,0
643.29,1593.68,1424.58,551.78,2388.23,9058.21,48.0,520.37,2388.19,8130.95,8.4966,393,38.55,23.2057,0
643.44,1600.98,1428.75,551.58,2388.24,9064.1,48.15,520.32,2388.2,8136.18,8.5141,395,38.44,23.1146,0
643.59,1598.16,1426.73,551.21,2388.22,9048.48,48.17,520.02,2388.28,8132.28,8.5064,396,38.66,23.1804,0
643.91,1594.75,1425.14,552.13,2388.22,9060.4,47.92,519.61,2388.21,8138.68,8.4862,394,38.55,23.1165,0
643.4,1597.43,1425.16,551.23,2388.21,9059.56,48.11,519.85,2388.23,8134.52,8.4963,395,38.39,23.1005,0
643.55,1600.32,1423.72,552.66,2388.28,9058.26,47.92,520.29,2388.21,8133.05,8.4657,396,38.55,23.1569,0
643.26,1599.96,1435.41,551.41,2388.22,9053.91,48.11,520.21,2388.26,8134.46,8.5148,396,38.63,23.1576,0
643.58,1596.89,1424.97,551.76,2388.25,9059.28,48.01,520.1,2388.22,8130.69,8.5472,397,38.57,23.014,0
643.64,1590.75,1423.68,551.43,2388.25,9070.09,48.1,519.26,2388.22,8134.48,8.5561,396,38.55,23.1325,0
642.99,1603.6,1425.09,551.9,2388.22,9052.1,47.99,519.77,2388.24,8132.84,8.5413,395,38.64,23.065,1
643.48,1603.09,1426.65,552.05,2388.27,9058.6,48.31,519.85,2388.22,8132.4,8.5527,397,38.55,22.9967,1
643.72,1596.69,1423.79,551.2,2388.26,9063.43,48.18,519.41,2388.25,8132.4,8.508,397,38.57,23.0009,1
643.2,1594.51,1431.92,551.96,2388.22,9064.43,48.23,520.1,2388.19,8128.08,8.5142,396,38.5,23.136,1
644.08,1604.93,1418.24,551.75,2388.3,9062.54,47.95,519.6,2388.32,8135.96,8.4972,396,38.5,23.1663,1
643.57,1596.47,1433.41,551.49,2388.26,9056.83,48.12,519.7,2388.21,8132.69,8.4965,397,38.64,23.1973,1
643.48,1605.85,1433.55,551.37,2388.34,9061.58,48.16,519.72,2388.29,8139.93,8.5333,396,38.44,23.1226,1
643.34,1598.92,1428.57,551.34,2388.22,9065.34,48.03,519.88,2388.29,8134.67,8.5116,396,38.5,23.1368,1
643.8,1597.25,1428.56,551.71,2388.24,9065.19,48.26,519.54,2388.28,8137.82,8.5363,397,38.45,23.0635,1
643.64,1599.32,1427.87,550.97,2388.31,9069.14,48.16,519.02,2388.29,8133.65,8.5176,396,38.46,23.1829,1
644.2,1593.84,1433.24,550.72,2388.26,9058.19,48.26,519.25,2388.3,8138.39,8.5046,396,38.46,23.0171,2
642.12,1582.5,1400.44,553.76,2388.05,9057.95,47.31,521.97,2388.08,8141.04,8.4366,394,38.96,23.3947,0
642.62,1589.9,1404.14,554.52,2388.02,9062.85,47.31,522.27,2388.02,8138.39,8.4211,394,38.91,23.4594,0
642.55,1582.75,1403.42,554.26,2388.04,9071.21,47.41,522.4,2388.04,8143.16,8.3931,392,38.97,23.323,0
642.61,1586.91,1403.46,554.56,2388.05,9065.42,47.46,522.25,2388.08,8141.2,8.4286,393,38.91,23.3886,0
642.41,1589.7,1401.43,554.26,2388.05,9060.73,47.33,522.1,2388.0,8143.94,8.4295,394,38.98,23.334,0
642.46,1585.34,1402.43,553.63,2388.01,9056.24,47.48,521.56,2387.97,8143.26,8.4073,391,38.87,23.2987,0
642.37,1584.77,1402.34,553.91,2388.07,9062.94,47.3,521.59,2388.04,8147.63,8.3972,393,39.04,23.4,0
642.38,1585.62,1401.11,554.15,2388.04,9062.45,47.38,522.31,2388.11,8147.94,8.4477,392,38.88,23.3771,0
642.54,1581.7,1398.03,553.67,2388.04,9059.19,47.37,522.18,2388.08,8143.67,8.4103,393,38.95,23.349,0
642.33,1585.82,1395.96,554.58,2388.09,9061.41,47.26,521.43,2388.03,8142.77,8.4169,392,38.81,23.2714,0
642.05,1578.46,1396.43,553.38,2388.09,9063.78,47.4,521.57,2388.09,8146.15,8.3979,392,38.81,23.3106,0
642.76,1581.49,1400.18,554.42,2388.07,9060.85,47.34,522.23,2388.09,8143.07,8.4528,393,38.84,23.3407,0
642.6,1576.37,1398.64,553.14,2388.07,9065.62,47.4,521.87,2388.07,8142.15,8.4003,393,38.85,23.3102,0
641.95,1588.64,1406.48,553.63,2388.05,9063.97,47.43,521.76,2388.05,8143.77,8.4072,391,38.95,23.3548,0
642.19,1588.83,1399.52,553.72,2388.02,9061.43,47.25,522.36,2388.01,8142.46,8.4295,391,38.96,23.346,0
641.81,1584.15,1405.48,553.85,2388.11,9064.26,47.43,521.75,2388.01,8138.77,8.4279,392,38.89,23.288,0
642.83,1585.08,1402.0,554.4,2388.08,9067.86,47.41,521.77,2388.06,8143.94,8.4252,394,38.83,23.2551,0
642.47,1582.63,1401.72,553.74,2388.05,9057.15,47.3,522.45,2388.03,8145.89,8.418,393,38.9,23.441,0
642.67,1585.14,1404.04,554.12,2388.09,9061.05,47.49,522.02,2388.06,8143.45,8.4178,392,39.02,23.3642,0
642.42,1583.58,1399.71,554.51,2388.07,9068.95,47.46,521.68,2388.08,8142.44,8.4347,392,38.82,23.4585,0
642.56,1585.06,1412.19,554.43,2388.04,9062.45,47.35,521.46,2388.03,8140.47,8.419,392,39.0,23.3518,0
642.39,1584.2,1407.2,554.04,2388.03,9063.67,47.41,521.47,2388.0,8143.65,8.4218,393,38.76,23.3956,0
642.83,1593.36,1400.32,553.53,2388.08,9056.7,47.48,521.89,2388.03,8142.94,8.3873,391,38.99,23.4109,0
642.73,1580.39,1400.53,554.31,2388.07,9061.05,47.32,521.94,2388.09,8145.82,8.3854,392,38.96,23.3642,0
642.4,1589.16,1399.42,553.25,2388.04,9063.67,47.41,521.98,2388.03,8138.58,8.4174,394,38.98,23.3005,0
642.74,1579.32,1397.69,554.16,2388.06,9074.08,47.43,521.98,2388.04,8145.23,8.4121,393,38.81,23.3646,0
642.46,1586.65,1402.83,553.98,2388.04,9069.01,47.36,521.67,2388.07,8148.89,8.4403,392,38.94,23.3186,0
642.28,1586.5,1407.03,553.44,2388.13,9068.05,47.46,521.59,2387.99,8139.08,8.4091,392,38.91,23.3449,0
642.92,1591.07,1399.2,553.96,2388.06,9061.73,47.34,521.57,2387.97,8149.84,8.4099,391,38.91,23.3521,0
642.62,1590.45,1407.7,554.18,2388.03,9064.09,47.25,522.31,2388.08,8145.42,8.4132,393,38.99,23.1615,0
642.46,1584.46,1408.24,553.98,2388.06,9062.5,47.18,521.49,2388.04,8142.92,8.4105,393,38.91,23.3103,0
642.63,1589.42,1399.63,553.37,2388.04,9060.88,47.44,522.26,2388.06,8148.2,8.3881,393,39.0,23.3352,0
642.14,1582.13,1405.19,553.22,2388.08,9062.7,47.51,521.78,2388.06,8146.65,8.4352,391,38.82,23.3546,0
642.82,1582.82,1408.77,554.05,2388.08,9068.04,47.34,522.29,2388.07,8145.91,8.4409,393,38.98,23.3735,0
642.12,1590.81,1400.34,553.18,2388.02,9058.77,47.3,521.23,2388.08,8144.14,8.3706,393,38.9,23.3269,0
642.38,1586.38,1403.16,554.13,2388.08,9064.08,47.42,522.38,2388.04,8142.4,8.4335,394,38.95,23.4361,0
642.66,1591.79,1401.3,554.6,2388.01,9064.12,47.47,521.68,2388.06,8151.49,8.4158,393,38.8,23.3016,0
642.28,1587.84,1404.96,553.6,2388.06,9065.83,47.33,522.12,2388.07,8142.72,8.4467,392,38.99,23.344,0
642.21,1586.89,1404.47,554.31,2388.05,9065.63,47.48,521.96,2388.05,8139.14,8.4424,393,38.91,23.319,0
643.19,1587.36,1398.9,554.35,2388.07,9059.91,47.3,522.31,2388.04,8145.16,8.4504,393,38.95,23.3161,0
642.47,1584.96,1406.08,554.03,2388.0,9073.29,47.44,522.05,2388.05,8145.35,8.3822,392,38.83,23.3256,0
641.82,1585.3,1399.3,554.38,2388.02,9068.48,47.13,522.17,2388.04,8144.13,8.418,393,38.8,23.4777,0
642.39,1589.71,1410.44,553.41,2388.07,9065.43,47.32,522.44,2388.07,8142.57,8.4232,393,38.7,23.3443,0
642.07,1590.7,1403.72,553.84,2388.04,9059.48,47.43,521.9,2388.08,8145.86,8.4063,393,38.89,23.3815,0
641.8,1592.23,1401.26,553.56,2388.02,9059.32,47.19,521.73,2388.04,8142.33,8.3988,390,38.95,23.3749,0
642.26,1586.46,1404.42,553.29,2388.04,9071.98,47.41,521.8,2388.03,8142.1,8.4241,391,38.96,23.3982,0
642.78,1594.91,1404.75,553.26,2388.0,9061.25,47.48,522.25,2388.05,8142.54,8.438,391,38.94,23.253,0
642.22,1580.13,1403.97,553.98,2388.11,9069.15,47.43,522.09,2388.08,8141.59,8.4472,392,38.9,23.3085,0
642.85,1586.51,1403.74,553.53,2388.07,9056.25,47.38,521.63,2388.07,8140.68,8.403,393,38.91,23.1514,0
642.17,1593.23,1396.05,554.17,2388.06,9061.89,47.63,521.69,2388.02,8147.92,8.4304,392,38.84,23.38,0
642.12,1588.94,1408.59,553.5,2388.03,9062.73,47.28,521.81,2388.04,8140.9,8.3951,393,38.99,23.1953,0
642.16,1585.63,1410.41,554.02,2388.08,9062.46,47.34,521.97,2388.05,8143.61,8.41,392,38.95,23.4115,0
642.53,1587.93,1401.62,553.98,2388.04,9071.8,47.65,521.8,2388.1,8149.64,8.4355,394,38.99,23.3295,0
642.03,1586.26,1407.92,553.54,2388.02,9065.53,47.33,521.19,2388.04,8141.71,8.4345,392,38.93,23.4203,0
641.89,1587.63,1410.24,554.04,2388.07,9060.36,47.45,521.23,2388.07,8143.56,8.45,393,38.76,23.3948,0
642.45,1583.2,1408.51,554.6,2388.02,9063.39,47.39,521.43,2388.06,8144.82,8.4518,394,38.96,23.2727,0
643.12,1584.99,1398.91,553.92,2388.06,9057.86,47.51,522.1,2388.03,8145.08,8.4159,393,38.78,23.3328,0
642.32,1586.96,1404.61,553.8,2388.02,9066.95,47.18,521.81,2388.09,8142.77,8.4207,393,39.02,23.3168,0
642.72,1586.05,1400.68,553.96,2388.11,9067.12,47.23,522.11,2388.02,8141.16,8.3832,394,38.81,23.3355,0
642.44,1589.24,1416.54,553.12,2388.03,9070.84,47.32,521.79,2388.02,8144.09,8.4086,392,38.86,23.3714,0
642.39,1584.21,1404.19,553.94,2388.08,9066.48,47.4,521.9,2388.05,8143.44,8.4312,393,38.94,23.3841,0
642.64,1597.04,1403.63,553.31,2388.12,9060.63,47.53,522.24,2388.09,8147.15,8.4157,394,39.14,23.2324,0
642.14,1589.99,1410.05,553.37,2388.04,9067.71,47.37,521.23,2388.1,8146.18,8.4236,392,38.79,23.3751,0
642.21,1592.14,1403.64,553.14,2388.06,9057.15,47.4,521.71,2388.03,8145.31,8.4281,392,38.91,23.3434,0
642.24,1585.01,1405.13,553.69,2388.07,9068.1,47.24,522.19,2388.08,8146.92,8.4537,393,38.98,23.2149,0
642.52,1584.84,1407.86,553.52,2388.05,9065.0,47.58,521.98,2388.03,8142.94,8.4272,392,38.96,23.2587,0
642.55,1592.28,1406.93,553.16,2388.05,9077.05,47.23,520.86,2388.1,8140.28,8.4347,393,38.88,23.3006,0
642.52,1585.26,1402.78,553.42,2388.08,9057.66,47.19,521.31,2388.02,8152.22,8.4391,395,38.91,23.327,0
642.29,1581.25,1409.86,553.25,2388.04,9066.7,47.28,522.2,2388.06,8146.75,8.4336,392,39.08,23.4135,0
642.46,1586.49,1409.26,554.94,2388.06,9066.79,47.5,521.67,2388.08,8143.18,8.4552,394,39.05,23.2842,0
642.0,1588.12,1399.37,553.54,2388.06,9063.64,47.53,521.72,2388.06,8150.49,8.4144,392,38.9,23.3808,0
642.42,1584.73,1404.86,553.8,2388.11,9058.59,47.59,522.04,2388.06,8146.85,8.4021,392,38.89,23.3863,0
642.63,1586.71,1400.6,554.14,2388.03,9061.19,47.43,521.39,2388.03,8140.58,8.4378,393,38.67,23.2567,0
642.79,1587.78,1405.16,554.46,2388.05,9067.88,47.26,521.78,2388.04,8150.52,8.4015,393,38.73,23.3033,0
642.6,1593.14,1396.47,554.63,2388.03,9058.27,47.44,521.63,2388.0,8142.02,8.4256,394,38.93,23.3008,0
642.87,1590.79,1407.75,554.06,2388.07,9073.62,47.47,521.55,2388.11,8146.77,8.4664,393,38.96,23.352,0
642.07,1584.43,1405.78,553.61,2387.99,9066.94,47.44,521.84,2388.07,8149.47,8.413,392,38.87,23.2678,0
642.59,1586.9,1406.29,553.91,2388.04,9061.96,47.35,521.41,2388.08,8144.46,8.4072,393,38.72,23.4196,0
642.51,1589.88,1406.79,553.97,2388.05,9069.12,47.49,522.02,2388.06,8140.66,8.3685,393,38.95,23.2316,0
642.53,1584.91,1408.52,554.29,2388.04,9070.89,47.62,521.71,2388.01,8145.66,8.427,393,38.85,23.3824,0
642.91,1584.75,1405.41,553.9,2388.07,9076.62,47.46,521.32,2388.02,8145.04,8.4206,391,38.84,23.365,0
642.44,1587.53,1407.61,553.88,2388.08,9066.0,47.36,522.18,2388.05,8146.92,8.4279,393,38.83,23.3956,0
642.81,1584.97,1406.28,553.05,2388.08,9062.4,47.5,521.28,2388.07,8142.42,8.4171,393,38.69,23.2507,0
642.86,1594.21,1401.17,553.17,2388.09,9070.82,47.43,521.7,2388.06,8143.94,8.4153,392,38.89,23.1871,0
642.52,1587.23,1414.25,553.96,2388.05,9063.96,47.57,521.68,2388.06,8148.3,8.3936,393,38.87,23.2868,0
642.6,1589.77,1408.59,553.28,2388.06,9064.35,47.45,521.41,2388.12,8143.7,8.4459,393,39.05,23.3112,0
642.8,1590.97,1402.2,553.29,2388.09,9076.77,47.45,521.54,2388.07,8144.99,8.4213,393,39.04,23.2808,0
642.57,1596.7,1400.16,554.13,2388.02,9059.16,47.51,521.52,2388.06,8145.71,8.429,393,38.84,23.2388,0
642.43,1588.87,1415.58,553.88,2388.06,9070.2,47.31,521.85,2388.07,8148.8,8.4376,393,38.8,23.288,0
642.6,1593.47,1410.18,554.29,2388.08,9074.19,47.46,521.27,2388.08,8147.58,8.4483,393,38.76,23.281,0
642.48,1594.0,1403.91,553.26,2388.07,9066.75,47.54,521.5,2388.05,8146.37,8.4339,393,38.96,23.3141,0
642.76,1590.0,1401.25,553.57,2388.09,9078.07,47.45,521.21,2388.01,8146.99,8.4334,393,38.8,23.4373,0
642.43,1584.14,1407.75,553.86,2388.05,9066.98,47.36,521.06,2388.05,8147.19,8.4146,394,38.77,23.2351,0
643.02,1589.56,1406.51,554.09,2388.11,9063.37,47.52,521.76,2388.12,8150.5,8.4371,393,38.72,23.3616,0
642.61,1589.19,1400.61,553.72,2388.08,9068.33,47.63,521.59,2388.1,8143.97,8.4572,393,38.86,23.2087,0
643.01,1584.82,1407.66,553.88,2388.05,9064.01,47.67,520.95,2388.12,8154.63,8.4468,393,38.74,23.3042,0
642.26,1586.61,1412.3,553.01,2388.09,9063.93,47.54,521.46,2388.04,8142.47,8.4492,391,38.76,23.2788,0
642.38,1592.25,1415.75,553.75,2388.06,9066.16,47.45,521.31,2388.05,8148.98,8.4741,394,38.83,23.3351,0
642.39,1585.49,1405.87,553.01,2388.03,9067.2,47.35,521.39,2388.07,8152.68,8.4572,395,39.02,23.3337,0
642.38,1588.59,1411.1,553.32,2388.09,9066.08,47.61,521.2,2388.14,8147.06,8.4043,391,38.87,23.218,0
642.85,1592.22,1401.11,553.13,2388.11,9063.79,47.49,521.52,2388.11,8144.98,8.4367,392,38.9,23.2263,0
642.39,1582.43,1414.12,553.38,2388.12,9071.01,47.6,522.0,2388.12,8148.9,8.4199,393,38.79,23.2869,0
642.03,1589.44,1406.72,553.31,2388.13,9064.34,47.53,521.37,2388.14,8146.56,8.4632,393,38.63,23.3116,0
642.36,1582.35,1405.23,553.76,2388.1,9072.74,47.67,521.29,2388.08,8146.65,8.4417,391,39.01,23.2998,0
642.69,1586.81,1404.16,553.88,2388.01,9070.52,47.46,521.52,2388.1,8144.18,8.4503,393,38.96,23.1933,0
642.86,1595.04,1412.43,553.63,2388.11,9068.84,47.47,521.34,2388.03,8152.45,8.4337,393,38.68,23.3613,0
642.41,1585.63,1406.48,553.02,2388.04,9076.73,47.71,521.35,2388.08,8149.23,8.4257,392,38.76,23.2578,0
642.56,1586.63,1403.55,554.17,2388.07,9068.62,47.38,521.79,2388.07,8148.95,8.405,393,38.89,23.4082,0
643.16,1592.98,1402.06,552.92,2388.05,9068.55,47.62,521.45,2388.09,8144.44,8.4259,394,38.75,23.2252,0
642.54,1589.83,1409.9,553.33,2388.09,9068.83,47.59,521.61,2388.09,8145.54,8.4337,393,39.05,23.2011,0
642.35,1583.83,1411.36,554.03,2388.12,9077.18,47.48,520.8,2388.06,8149.64,8.4407,392,38.8,23.2918,0
642.7,1593.62,1411.73,553.65,2388.12,9067.69,47.57,521.4,2388.07,8147.41,8.4403,392,38.7,23.3406,0
642.58,1594.04,1407.39,553.47,2388.06,9069.77,47.66,521.29,2388.03,8142.84,8.4579,393,38.81,23.3687,0
642.45,1581.39,1410.59,553.53,2388.05,9063.18,47.62,521.1,2388.1,8147.27,8.4139,393,38.84,23.2916,0
642.68,1587.94,1408.14,553.7,2388.04,9068.26,47.55,521.5,2388.06,8150.3,8.415,393,38.75,23.2829,0
642.65,1590.26,1409.13,553.65,2388.09,9069.26,47.52,521.71,2388.06,8150.06,8.4735,394,38.77,23.2517,0
642.46,1595.36,1405.92,553.18,2388.1,9067.25,47.6,521.34,2388.12,8144.56,8.4447,394,38.57,23.2391,0
642.47,1584.45,1404.53,553.45,2388.1,9068.18,47.35,521.26,2388.04,8146.99,8.415,392,38.94,23.3091,0
643.12,1590.39,1406.79,553.14,2388.08,9074.31,47.4,521.22,2388.06,8150.38,8.4504,394,38.86,23.2776,0
642.67,1583.85,1399.52,553.37,2388.05,9074.37,47.57,521.28,2388.02,8147.45,8.4601,392,38.78,23.3392,0
642.58,1594.4,1407.05,553.03,2388.09,9070.88,47.63,521.52,2388.11,8147.12,8.4468,393,38.74,23.3172,0
642.91,1586.67,1412.8,553.46,2388.11,9074.7,47.52,521.62,2388.07,8145.69,8.4333,394,38.8,23.2134,0
643.01,1578.72,1411.24,553.45,2388.08,9071.52,47.58,521.57,2388.14,8150.93,8.4162,394,38.84,23.3588,0
642.72,1594.11,1411.57,553.61,2388.13,9076.43,47.78,520.68,2388.12,8146.2,8.4797,391,39.02,23.257,0
642.91,1594.05,1407.09,553.17,2388.09,9072.09,47.57,521.27,2388.09,8146.63,8.4409,393,38.85,23.1987,0
642.93,1593.66,1408.19,553.54,2388.07,9073.0,47.51,521.92,2388.04,8151.66,8.4659,394,38.8,23.295,0
642.73,1586.43,1410.09,552.97,2388.08,9068.8,47.55,521.88,2388.08,8157.71,8.413,395,38.69,23.2201,0
642.85,1587.73,1410.21,552.69,2388.07,9076.77,47.6,521.25,2388.13,8153.94,8.4194,393,38.6,23.2817,0
642.82,1591.14,1416.38,553.37,2388.16,9071.56,47.64,520.99,2388.12,8154.07,8.4504,394,38.67,23.2955,0
642.99,1598.6,1414.89,553.18,2388.11,9085.34,47.56,520.95,2388.12,8152.18,8.4192,394,38.7,23.3214,0
642.42,1588.11,1415.53,553.26,2388.04,9069.6,47.7,520.87,2388.09,8154.82,8.469,392,38.78,23.266,0
642.87,1591.02,1414.88,552.39,2388.11,9074.73,47.53,520.99,2388.09,8155.73,8.4624,394,38.78,23.2801,0
643.07,1590.9,1405.64,553.15,2388.06,9076.85,47.56,521.18,2388.05,8156.05,8.4557,394,38.71,23.3598,0
642.75,1594.49,1414.12,553.32,2388.08,9073.39,47.54,521.63,2388.1,8153.71,8.4541,394,38.81,23.3491,0
642.9,1596.24,1410.8,552.8,2388.09,9073.29,47.58,521.08,2388.15,8152.2,8.4656,393,38.81,23.2899,0
643.54,1595.47,1411.44,552.72,2388.11,9087.74,47.45,520.49,2388.06,8155.12,8.4413,394,38.95,23.226,0
643.11,1585.13,1407.97,553.02,2388.1,9083.98,47.68,521.11,2388.1,8154.02,8.4157,394,38.77,23.2591,0
643.52,1597.84,1420.15,552.91,2388.13,9079.03,47.48,521.05,2388.14,8159.54,8.4711,395,38.62,23.2523,0
642.64,1587.2,1408.46,553.37,2388.1,9081.32,47.62,520.51,2388.08,8151.09,8.4661,394,38.75,23.1872,0
642.96,1592.7,1414.87,552.62,2388.11,9074.22,47.58,521.36,2388.1,8157.23,8.4336,392,38.73,23.3439,0
642.44,1586.14,1414.46,553.24,2388.11,9088.0,47.72,521.55,2388.11,8159.43,8.3914,394,38.81,23.2952,0
643.51,1592.92,1417.52,553.06,2388.1,9082.1,47.77,521.39,2388.1,8155.69,8.5048,394,38.7,23.2388,0
642.26,1596.39,1410.7,552.72,2388.08,9084.3,47.66,521.42,2388.06,8155.03,8.4267,395,38.74,23.219,0
642.17,1598.41,1413.07,553.16,2388.16,9082.8,47.74,520.89,2388.09,8157.77,8.4727,394,38.79,23.247,0
643.11,1585.16,1407.11,552.86,2388.1,9084.7,47.6,521.28,2388.08,8162.09,8.46,393,38.93,23.3105,0
642.84,1592.44,1411.11,553.19,2388.09,9080.39,47.54,521.1,2388.12,8156.44,8.4544,394,38.76,23.3391,0
643.04,1592.47,1409.15,553.02,2388.13,9085.3,47.74,521.37,2388.08,8159.92,8.504,393,38.51,23.2651,0
642.13,1593.57,1407.7,552.1,2388.09,9088.55,47.62,522.19,2388.01,8158.17,8.4743,395,38.6,23.3118,0
643.01,1584.21,1410.61,552.38,2388.09,9088.11,47.59,521.54,2388.08,8163.19,8.4385,394,38.69,23.2573,0
643.37,1590.63,1413.01,553.05,2388.1,9081.01,47.52,521.4,2388.13,8160.63,8.4752,394,38.51,23.1816,0
642.49,1590.38,1415.17,553.09,2388.12,9085.05,47.6,520.74,2388.07,8158.61,8.4393,396,38.72,23.3047,0
642.71,1594.38,1415.78,553.31,2388.1,9084.92,47.72,520.8,2388.13,8160.4,8.46,394,38.62,23.201,0
642.6,1586.45,1407.55,553.0,2388.08,9088.09,47.71,520.96,2388.15,8162.21,8.4432,395,38.6,23.193,0
643.09,1597.35,1416.92,553.56,2388.08,9090.87,47.68,520.53,2388.14,8160.79,8.458,394,38.73,23.2003,0
642.42,1593.18,1416.79,553.14,2388.08,9090.82,47.59,520.99,2388.15,8159.43,8.4548,393,38.69,23.2141,0
642.5,1593.73,1408.39,552.7,2388.11,9091.39,47.6,520.94,2388.12,8161.32,8.4758,396,38.72,23.1351,0
643.28,1594.64,1415.82,553.21,2388.17,9083.52,47.85,521.09,2388.15,8159.74,8.4821,394,38.56,23.2534,0
642.75,1598.37,1418.15,552.23,2388.15,9093.64,47.5,520.71,2388.11,8167.54,8.4579,395,38.44,23.2506,0
643.15,1596.77,1415.76,552.53,2388.1,9092.02,47.74,520.73,2388.11,8161.54,8.4731,395,38.68,23.2233,0
642.79,1590.19,1419.36,552.84,2388.08,9089.7,47.7,520.92,2388.13,8163.02,8.5081,395,38.62,23.2034,0
643.26,1591.34,1415.91,552.09,2388.13,9090.83,47.75,520.82,2388.13,8163.28,8.4611,394,38.85,23.2393,0
643.31,1596.57,1419.83,553.14,2388.12,9092.19,47.93,520.62,2388.13,8164.05,8.4701,395,38.75,23.1573,0
643.55,1588.15,1418.66,553.08,2388.14,9091.82,47.71,521.01,2388.11,8162.44,8.4401,395,38.66,23.2479,0
642.98,1593.81,1416.02,552.5,2388.09,9088.76,47.98,520.65,2388.09,8161.97,8.4823,395,38.62,23.2171,0
643.32,1597.08,1424.74,552.64,2388.09,9089.17,47.75,520.62,2388.19,8171.73,8.4687,396,38.66,23.2858,0
643.26,1597.49,1415.92,552.7,2388.15,9095.28,47.69,521.1,2388.14,8170.23,8.4701,396,38.8,23.1589,0
643.01,1593.06,1414.23,553.02,2388.09,9095.57,47.99,521.05,2388.09,8168.12,8.4827,395,38.64,23.1266,0
643.47,1598.0,1423.54,553.2,2388.1,9099.12,47.74,520.75,2388.14,8170.12,8.4962,394,38.42,23.0698,0
643.04,1598.54,1410.54,552.91,2388.13,9100.45,47.77,520.37,2388.15,8169.12,8.4664,395,38.55,23.1757,0
642.88,1601.32,1412.15,552.18,2388.15,9087.36,47.83,520.32,2388.15,8169.46,8.4937,395,38.65,23.149,0
643.42,1591.19,1420.96,553.14,2388.11,9091.96,47.8,520.11,2388.14,8167.89,8.4943,396,38.62,23.1544,0
643.08,1600.57,1421.22,553.08,2388.14,9099.32,47.78,520.96,2388.12,8169.41,8.4396,394,38.54,23.2524,0
643.4,1597.41,1420.73,552.27,2388.15,9103.88,47.79,520.77,2388.15,8169.77,8.4317,395,38.57,23.1259,0
643.32,1600.74,1417.92,552.26,2388.14,9105.8,47.87,520.56,2388.12,8172.1,8.5058,396,38.57,23.1725,0
643.0,1597.26,1417.15,552.84,2388.12,9100.45,47.69,520.66,2388.17,8167.99,8.4518,397,38.63,23.0842,0
643.56,1599.13,1422.81,552.87,2388.15,9088.79,47.79,520.56,2388.14,8175.49,8.515,395,38.64,23.0654,0
643.4,1594.05,1414.26,552.5,2388.17,9108.73,47.86,520.97,2388.12,8172.8,8.4537,396,38.68,23.1364,0
642.99,1596.98,1413.86,551.64,2388.17,9110.88,47.98,520.67,2388.17,8171.15,8.4935,394,38.49,23.2623,0
644.05,1595.72,1417.09,551.39,2388.15,9105.7,47.89,520.95,2388.12,8175.73,8.4854,397,38.67,23.0033,0
643.37,1602.04,1423.59,552.81,2388.16,9111.71,47.99,520.07,2388.17,8177.68,8.4906,395,38.55,23.0109,0
643.35,1598.91,1428.34,552.14,2388.15,9106.13,47.88,519.87,2388.16,8177.14,8.5075,396,38.59,23.0827,0
643.32,1588.47,1422.34,551.95,2388.16,9112.74,47.96,519.91,2388.18,8174.19,8.4997,394,38.47,23.1038,0
642.67,1599.99,1419.22,552.49,2388.14,9112.22,47.98,519.6,2388.1,8182.82,8.5189,397,38.68,23.0091,0
643.24,1604.23,1425.6,551.42,2388.16,9116.44,48.01,520.38,2388.14,8178.18,8.5295,396,38.76,23.1558,0
643.24,1605.9,1422.68,551.96,2388.19,9114.81,48.01,520.38,2388.15,8186.04,8.4699,395,38.48,23.1318,0
643.22,1599.08,1420.48,551.71,2388.21,9114.43,48.07,520.2,2388.09,8185.13,8.5161,394,38.63,23.0817,0
643.85,1597.32,1418.55,552.22,2388.15,9117.37,47.93,520.25,2388.15,8184.7,8.4821,395,38.4,23.0392,0
643.59,1596.38,1423.52,551.45,2388.16,9105.3,47.98,520.15,2388.18,8185.53,8.5062,397,38.41,23.065,1
643.22,1604.68,1423.37,551.48,2388.19,9119.31,48.02,519.77,2388.22,8188.29,8.4782,397,38.3,23.0607,1
643.56,1605.26,1429.34,551.71,2388.18,9127.29,48.11,519.47,2388.17,8194.51,8.5261,396,38.59,23.1751,1
643.22,1605.49,1422.66,551.85,2388.14,9124.24,48.21,520.1,2388.22,8193.04,8.5208,396,38.55,23.1961,1
643.29,1600.19,1426.15,551.94,2388.17,9126.5,48.05,520.31,2388.16,8189.44,8.4568,395,38.48,23.081,1
643.95,1599.52,1425.99,551.54,2388.22,9124.44,48.15,520.06,2388.13,8191.4,8.5049,397,38.33,23.0002,1
643.77,1604.93,1423.51,551.41,2388.18,9128.75,48.16,519.85,2388.19,8194.2,8.5043,396,38.42,23.0543,1
643.33,1605.31,1434.87,551.25,2388.17,9134.7,48.14,519.33,2388.21,8200.9,8.5352,395,38.45,23.0191,1
643.32,1602.26,1430.01,551.4,2388.19,9129.59,48.24,519.88,2388.17,8194.1,8.5034,395,38.45,23.0379,1
643.73,1599.94,1432.87,551.18,2388.19,9132.97,48.22,519.48,2388.2,8194.64,8.5241,397,38.52,23.0832,1
643.83,1608.2,1433.88,552.06,2388.2,9128.91,48.01,520.0,2388.25,8200.2,8.5002,396,38.43,23.1086,2
641.83,1583.55,1408.68,553.56,2387.98,9065.98,47.25,521.79,2387.99,8149.56,8.3884,391,39.08,23.3214,0
642.09,1580.84,1397.69,553.74,2387.97,9060.95,47.19,522.13,2387.98,8145.73,8.3922,391,38.83,23.3451,0
642.49,1591.56,1398.4,553.8,2387.98,9064.23,47.06,522.27,2388.0,8142.38,8.4018,392,39.18,23.3495,0
642.42,1573.22,1397.74,554.93,2388.07,9072.7,47.19,522.71,2387.99,8148.23,8.39,393,38.89,23.4847,0
642.08,1587.52,1388.02,553.9,2387.99,9062.93,47.25,522.14,2388.02,8147.25,8.4024,391,39.05,23.4072,0
642.36,1588.81,1413.03,553.71,2388.0,9066.39,47.07,521.99,2387.98,8145.04,8.3998,389,39.25,23.4322,0
642.59,1586.67,1397.9,554.3,2387.96,9065.31,47.35,522.66,2388.0,8150.71,8.402,390,38.95,23.4541,0
642.13,1585.18,1389.85,554.97,2388.01,9070.65,47.23,522.84,2388.01,8148.9,8.3824,390,39.14,23.3908,0
641.92,1581.31,1391.19,553.82,2388.04,9070.01,47.22,522.91,2387.98,8146.25,8.3882,393,39.1,23.4177,0
641.95,1579.59,1395.93,554.78,2387.99,9061.13,47.13,522.07,2387.98,8152.59,8.3868,392,39.04,23.4171,0
641.99,1585.7,1393.19,553.77,2387.97,9068.79,47.34,522.38,2388.02,8150.89,8.4186,392,38.92,23.4027,0
642.21,1583.55,1389.2,554.52,2387.99,9065.9,47.15,522.05,2388.06,8144.55,8.4291,391,39.1,23.3517,0
641.58,1587.14,1396.97,554.59,2388.03,9071.65,47.24,522.49,2388.04,8145.81,8.3808,392,39.08,23.4121,0
642.45,1579.21,1403.43,554.42,2388.03,9061.97,47.18,523.01,2387.99,8144.39,8.4423,392,38.99,23.4162,0
642.06,1584.57,1396.03,553.91,2388.03,9060.32,47.27,522.01,2388.0,8147.09,8.4001,392,38.9,23.4238,0
641.76,1587.33,1397.08,554.2,2388.02,9071.14,47.3,522.29,2388.03,8144.6,8.4088,392,39.12,23.3354,0
642.11,1578.84,1396.02,554.76,2387.99,9068.06,47.04,521.96,2388.03,8151.42,8.3953,391,38.87,23.4162,0
642.5,1585.74,1390.17,554.52,2388.01,9065.7,47.17,522.27,2387.96,8141.5,8.4231,392,39.1,23.3507,0
641.54,1586.4,1400.69,554.69,2388.02,9064.79,47.24,522.27,2388.0,8138.56,8.3937,391,38.82,23.4286,0
642.5,1590.56,1399.39,554.25,2388.03,9058.19,47.41,522.69,2388.04,8150.28,8.4209,392,39.04,23.2901,0
642.07,1581.87,1398.51,554.34,2387.99,9064.35,47.09,522.15,2387.94,8149.93,8.3907,392,38.99,23.2898,0
642.19,1577.01,1402.11,555.04,2387.98,9062.26,47.18,522.69,2387.99,8147.21,8.361,392,38.95,23.4309,0
642.38,1584.38,1395.99,554.79,2388.01,9065.78,47.39,522.6,2388.01,8143.61,8.415,392,39.06,23.3853,0
642.0,1583.36,1399.28,554.48,2388.01,9063.45,47.29,522.21,2388.02,8150.43,8.4044,391,38.9,23.3236,0
641.87,1587.45,1398.14,555.07,2388.08,9057.63,47.16,522.59,2387.96,8146.1,8.3719,392,39.02,23.3845,0
641.97,1586.1,1397.02,554.29,2388.03,9069.78,46.97,522.18,2387.98,8152.07,8.3953,394,39.04,23.3796,0
642.43,1587.92,1397.9,554.5,2388.01,9065.78,47.25,522.21,2388.01,8152.2,8.3918,393,39.05,23.4449,0
642.21,1580.72,1394.09,553.34,2387.99,9066.77,47.21,522.67,2388.03,8144.06,8.3837,392,39.08,23.3686,0
642.0,1589.57,1395.6,554.25,2388.0,9069.51,47.23,522.35,2388.03,8145.93,8.3822,392,39.02,23.4774,0
642.44,1583.31,1397.49,554.14,2387.97,9064.15,47.12,522.53,2387.97,8148.14,8.4299,392,38.98,23.3854,0
642.57,1589.98,1394.81,553.31,2388.01,9069.88,47.06,522.6,2388.03,8155.46,8.3994,392,39.02,23.3859,0
641.9,1588.91,1402.73,553.6,2388.03,9069.05,47.15,521.96,2388.07,8146.25,8.4454,391,39.01,23.3623,0
642.38,1580.28,1402.87,555.11,2388.0,9071.64,47.18,522.39,2388.07,8148.43,8.4054,392,38.9,23.4073,0
642.04,1580.13,1394.64,554.38,2387.98,9069.82,47.1,522.87,2388.01,8154.57,8.4032,392,38.93,23.4866,0
642.07,1584.53,1403.04,554.02,2388.01,9065.98,47.15,522.16,2388.04,8146.52,8.3551,393,39.14,23.3543,0
642.27,1585.42,1400.76,554.63,2387.97,9065.16,47.08,521.8,2388.01,8151.69,8.4338,392,39.08,23.4072,0
642.31,1578.13,1400.38,553.93,2387.98,9066.67,47.35,522.41,2388.04,8144.68,8.4037,393,39.0,23.4549,0
642.53,1578.81,1397.83,554.25,2387.98,9068.23,47.04,522.25,2388.04,8141.69,8.3871,391,39.12,23.413,0
642.27,1578.65,1399.7,554.13,2388.01,9060.11,47.12,522.61,2388.02,8143.77,8.4055,391,38.94,23.4417,0
642.3,1587.11,1401.09,554.72,2388.0,9066.2,47.14,522.41,2388.01,8145.1,8.4084,394,39.02,23.5103,0
642.37,1589.88,1402.95,554.98,2388.06,9070.69,47.25,522.22,2387.96,8155.59,8.4242,392,38.92,23.3851,0
641.77,1583.89,1406.52,554.55,2388.03,9066.26,47.1,522.35,2387.99,8145.62,8.3691,391,39.09,23.4411,0
641.75,1590.87,1390.27,555.22,2388.01,9065.07,47.05,522.86,2387.99,8146.23,8.4266,391,39.06,23.3238,0
642.35,1579.96,1401.64,554.09,2388.02,9073.44,47.13,522.38,2388.01,8151.05,8.4022,392,39.1,23.3925,0
642.3,1585.72,1407.09,554.14,2388.0,9063.8,47.25,522.2,2388.0,8139.54,8.3736,393,38.97,23.3901,0
642.59,1580.8,1393.9,554.99,2388.02,9071.14,47.11,522.11,2387.95,8149.89,8.4039,391,39.16,23.3419,0
641.89,1584.02,1394.6,555.0,2388.05,9063.82,47.35,522.46,2388.05,8145.38,8.4086,393,39.11,23.4013,0
641.94,1590.27,1396.94,554.11,2387.99,9068.28,47.26,522.11,2387.96,8146.86,8.3985,392,38.84,23.547,0
641.65,1583.44,1397.07,554.18,2387.95,9068.79,47.21,522.09,2388.05,8149.32,8.4013,393,39.07,23.3951,0
642.14,1583.81,1403.18,554.37,2388.06,9065.88,47.48,522.39,2387.97,8148.73,8.4097,391,39.02,23.4311,0
641.9,1585.3,1394.31,553.75,2387.95,9061.92,47.43,522.5,2387.99,8150.99,8.3889,392,39.14,23.4143,0
641.7,1579.66,1396.44,554.61,2387.98,9066.09,47.29,522.51,2387.94,8144.85,8.3845,392,39.1,23.4208,0
642.38,1583.5,1401.44,554.73,2388.0,9064.94,47.34,522.26,2388.01,8153.14,8.3947,391,39.03,23.3348,0
642.14,1580.92,1392.3,554.15,2387.98,9071.38,47.23,522.8,2388.03,8149.07,8.435,392,39.13,23.3836,0
642.36,1584.86,1393.78,555.01,2388.0,9067.56,47.36,522.33,2388.0,8152.04,8.4292,390,38.98,23.42,0
642.24,1581.96,1401.09,553.81,2388.02,9070.96,47.09,522.4,2388.05,8146.05,8.3923,390,38.99,23.3662,0
642.48,1585.54,1397.4,554.06,2388.05,9064.91,47.05,521.74,2388.0,8149.0,8.4277,391,39.15,23.4264,0
642.25,1574.28,1403.2,554.46,2388.01,9068.53,47.15,522.15,2388.0,8155.35,8.43,390,39.09,23.4685,0
642.36,1580.13,1395.36,553.99,2387.97,9070.55,47.25,522.34,2387.97,8148.22,8.394,392,38.97,23.3901,0
642.17,1585.85,1396.7,554.65,2388.04,9065.17,47.46,522.29,2388.01,8147.36,8.4162,392,38.97,23.5202,0
642.4,1588.12,1394.9,554.05,2387.97,9064.09,47.4,522.08,2387.98,8152.84,8.4289,392,39.02,23.3826,0
641.85,1583.34,1398.23,554.28,2388.0,9066.45,47.27,521.77,2388.06,8153.69,8.3997,392,38.94,23.3381,0
642.07,1584.81,1396.39,553.89,2387.98,9061.25,47.28,522.4,2387.98,8152.38,8.4127,391,38.98,23.364,0
642.67,1584.89,1396.9,554.9,2388.07,9074.75,47.21,522.3,2388.07,8145.93,8.4155,394,38.93,23.3223,0
642.07,1575.34,1397.81,554.12,2387.96,9060.52,47.14,522.43,2388.04,8145.99,8.4453,391,38.81,23.474,0
641.9,1582.86,1395.43,554.42,2387.98,9073.89,47.23,522.64,2387.98,8150.61,8.3891,392,38.99,23.3575,0
642.45,1586.96,1402.05,555.23,2388.02,9067.99,47.18,521.81,2388.03,8148.48,8.4157,391,38.8,23.43,0
641.59,1589.74,1404.45,555.52,2388.01,9068.51,47.41,522.61,2388.04,8154.12,8.4101,392,38.82,23.4198,0
642.08,1582.23,1401.39,554.52,2388.03,9075.63,47.27,522.14,2388.03,8150.9,8.4112,391,38.91,23.4664,0
642.71,1578.36,1402.68,554.92,2387.97,9069.87,47.2,521.65,2388.04,8148.62,8.3573,390,38.94,23.3504,0
642.21,1584.91,1400.74,554.81,2387.95,9068.32,47.25,522.2,2388.08,8150.09,8.4336,393,39.01,23.4582,0
642.0,1588.95,1399.19,554.56,2388.01,9063.88,47.17,522.35,2388.01,8152.43,8.3796,391,38.74,23.3948,0
642.14,1585.35,1408.19,554.83,2388.03,9075.32,47.21,522.39,2387.94,8150.61,8.4103,392,38.87,23.4086,0
642.31,1584.92,1403.43,554.73,2388.1,9068.38,47.29,522.64,2388.07,8149.89,8.4149,390,39.01,23.3746,0
641.93,1582.39,1400.59,554.17,2388.02,9066.07,47.24,522.53,2388.08,8154.61,8.3727,392,39.23,23.3778,0
641.4,1587.43,1398.4,554.59,2387.99,9057.07,47.26,522.17,2387.96,8150.92,8.3942,393,39.12,23.3601,0
641.79,1586.4,1400.69,553.77,2388.04,9075.6,47.02,522.73,2387.96,8152.32,8.3924,393,39.11,23.4219,0
641.96,1584.84,1399.82,554.0,2387.99,9066.59,47.26,522.9,2388.05,8144.81,8.3966,391,39.03,23.3349,0
642.06,1591.14,1397.01,554.57,2388.02,9065.55,47.39,522.28,2387.99,8150.65,8.4159,393,39.01,23.4976,0
642.08,1594.77,1401.76,553.77,2388.06,9072.78,47.22,522.56,2388.0,8151.68,8.3913,392,38.81,23.2302,0
642.19,1581.73,1403.82,554.01,2387.95,9074.76,47.35,522.61,2387.98,8153.39,8.3954,393,38.99,23.419,0
642.66,1581.41,1394.25,553.75,2388.07,9068.97,47.35,521.94,2387.96,8147.26,8.4102,392,39.12,23.3876,0
642.22,1593.58,1397.43,553.86,2388.04,9074.87,47.15,522.01,2387.98,8148.51,8.4086,392,38.94,23.3264,0
642.44,1581.15,1393.56,553.89,2388.01,9068.25,47.39,521.84,2388.01,8153.99,8.4292,390,39.01,23.2153,0
642.12,1577.38,1404.25,554.1,2388.05,9069.32,47.37,522.24,2387.97,8148.33,8.383,392,38.95,23.3788,0
642.42,1582.38,1403.02,554.46,2388.07,9068.33,47.29,522.04,2388.02,8149.97,8.4191,392,39.09,23.3363,0
642.43,1584.33,1399.14,554.0,2388.02,9077.03,47.37,522.55,2388.09,8151.71,8.3941,393,38.96,23.4286,0
642.17,1582.77,1402.8,554.32,2387.97,9074.77,47.29,522.36,2388.04,8156.91,8.3864,392,38.9,23.4065,0
642.02,1588.12,1402.46,553.83,2387.97,9071.82,47.14,521.94,2387.97,8154.67,8.3782,390,38.88,23.2981,0
642.16,1578.5,1413.25,554.32,2388.02,9077.02,47.39,521.61,2387.97,8155.76,8.3829,392,39.05,23.3669,0
642.68,1588.64,1398.27,554.43,2387.98,9072.77,47.33,522.29,2387.98,8154.45,8.403,391,39.06,23.2932,0
642.06,1590.85,1403.14,554.07,2388.05,9077.28,47.29,521.95,2388.01,8151.57,8.385,394,38.88,23.3694,0
642.38,1582.21,1401.24,554.61,2388.02,9072.8,47.12,522.13,2388.0,8157.89,8.4206,392,39.16,23.3865,0
642.38,1583.13,1394.91,554.15,2387.98,9073.51,47.16,521.98,2387.99,8157.8,8.4209,393,38.99,23.3582,0
642.27,1581.92,1398.07,554.81,2387.99,9069.59,47.4,521.98,2388.02,8154.27,8.4089,391,38.98,23.5169,0
642.25,1590.46,1403.82,553.91,2388.01,9075.12,47.22,522.48,2388.0,8157.06,8.4138,391,39.1,23.3134,0
642.43,1584.49,1391.22,554.22,2388.0,9075.13,47.19,521.95,2387.95,8155.19,8.3871,392,38.79,23.3716,0
642.57,1591.28,1400.26,554.27,2388.04,9063.5,47.36,522.31,2388.03,8155.27,8.4095,393,39.0,23.3279,0
641.83,1584.9,1404.52,553.9,2387.98,9075.25,47.37,521.89,2388.0,8158.96,8.381,389,38.9,23.3256,0
641.88,1585.76,1397.47,554.11,2387.95,9067.72,47.17,522.33,2387.97,8150.1,8.4099,391,39.09,23.4378,0
642.36,1585.79,1404.95,554.35,2388.0,9078.43,47.21,522.36,2388.04,8154.75,8.4438,392,39.13,23.3591,0
641.79,1591.13,1400.81,553.99,2388.04,9074.1,47.34,522.79,2388.01,8159.1,8.431,391,38.9,23.357,0
642.04,1584.07,1405.27,554.33,2387.99,9071.15,47.37,522.43,2387.97,8155.01,8.4179,391,38.7,23.4433,0
642.27,1587.61,1406.64,553.7,2388.0,9069.94,47.27,522.06,2388.01,8154.66,8.4317,392,38.79,23.4278,0
642.73,1593.41,1400.67,554.13,2387.99,9076.54,47.25,522.19,2387.99,8151.63,8.4159,392,38.87,23.3731,0
641.7,1583.71,1400.71,554.13,2388.02,9083.39,47.35,522.1,2387.97,8155.37,8.4156,392,39.08,23.3035,0
642.63,1587.13,1402.66,554.6,2388.03,9071.22,47.24,521.61,2387.95,8153.12,8.4211,394,39.0,23.3055,0
642.67,1594.21,1401.17,553.94,2388.05,9077.1,47.28,522.12,2387.97,8152.63,8.4001,393,39.03,23.4164,0
642.19,1582.48,1396.64,554.7,2388.05,9073.11,47.49,521.95,2388.0,8158.64,8.4095,392,39.04,23.3123,0
642.75,1586.65,1395.81,554.79,2388.02,9079.58,47.07,522.28,2387.99,8158.77,8.4468,392,38.94,23.3526,0
642.75,1588.95,1400.1,553.52,2387.98,9071.97,47.23,522.29,2388.03,8152.03,8.417,390,39.09,23.5288,0
641.96,1587.49,1401.44,554.0,2388.04,9070.88,47.27,521.95,2388.04,8154.76,8.4294,393,38.87,23.4661,0
642.45,1585.81,1405.4,553.87,2387.99,9082.94,47.32,521.97,2388.01,8162.98,8.4105,393,39.08,23.4839,0
641.76,1592.86,1403.26,554.2,2388.02,9077.61,47.18,522.5,2387.96,8163.75,8.4169,391,38.84,23.3474,0
642.42,1585.85,1401.92,553.61,2387.99,9077.48,47.43,522.63,2388.01,8155.31,8.4119,393,39.0,23.3883,0
642.94,1591.19,1400.27,555.13,2387.96,9076.81,47.41,521.74,2388.03,8155.95,8.413,392,38.94,23.2972,0
641.71,1591.2,1405.29,554.1,2387.97,9078.91,47.41,522.3,2388.02,8155.05,8.4245,391,39.09,23.3235,0
641.93,1584.34,1404.39,554.28,2387.97,9081.66,47.43,521.6,2387.98,8151.58,8.3979,392,39.02,23.3296,0
642.54,1582.16,1402.37,554.7,2387.99,9083.93,47.28,522.57,2388.05,8157.89,8.4098,391,38.96,23.3908,0
642.21,1591.5,1408.52,554.01,2387.99,9074.05,47.2,522.52,2388.01,8157.42,8.421,394,38.95,23.3511,0
642.2,1585.56,1398.43,554.86,2388.07,9085.23,47.19,522.15,2388.04,8156.77,8.3956,392,38.94,23.4239,0
642.8,1579.7,1397.52,554.41,2388.03,9085.75,46.98,522.09,2388.07,8162.21,8.451,392,38.98,23.3222,0
642.46,1592.13,1404.88,554.19,2388.05,9084.82,47.24,522.15,2388.03,8162.09,8.3914,392,38.88,23.4414,0
642.39,1586.52,1403.43,553.63,2387.99,9071.95,47.43,521.91,2388.04,8165.01,8.415,393,38.95,23.3622,0
642.74,1587.06,1405.73,554.25,2388.01,9082.8,47.43,522.67,2388.02,8163.9,8.3826,393,38.91,23.4087,0
642.42,1584.69,1401.36,553.61,2388.0,9081.47,47.15,522.02,2387.99,8161.41,8.419,393,39.0,23.4547,0
642.38,1585.9,1403.21,554.73,2388.05,9082.92,47.28,522.76,2387.98,8161.42,8.4258,392,39.0,23.3179,0
642.63,1589.79,1408.51,554.03,2388.0,9079.04,47.27,521.91,2388.0,8160.58,8.4212,392,38.98,23.4175,0
642.36,1587.22,1404.43,553.49,2388.01,9084.31,47.39,521.73,2388.08,8162.49,8.4161,393,38.85,23.3681,0
642.59,1589.78,1404.2,553.97,2388.01,9081.32,47.23,521.97,2387.98,8168.24,8.4468,393,38.95,23.4208,0
642.48,1587.54,1401.08,554.51,2388.02,9083.96,47.33,522.31,2388.03,8164.72,8.4122,393,38.88,23.2615,0
642.2,1591.16,1407.46,554.21,2387.98,9086.94,47.28,521.46,2387.96,8167.48,8.4224,393,38.98,23.4509,0
642.34,1586.2,1398.22,554.25,2388.04,9087.78,47.24,521.98,2387.99,8158.91,8.4071,393,39.13,23.3745,0
642.66,1587.71,1399.25,554.62,2388.04,9088.63,47.41,522.49,2388.01,8164.23,8.4242,392,38.76,23.4354,0
642.54,1589.22,1408.65,553.58,2388.03,9089.09,47.36,522.15,2388.05,8169.89,8.3823,391,39.02,23.3625,0
642.29,1592.78,1399.26,553.76,2388.01,9085.18,47.25,521.95,2388.01,8169.48,8.3843,392,39.15,23.3036,0
641.97,1583.39,1406.34,554.64,2388.0,9092.7,47.36,522.71,2388.05,8166.63,8.436,392,39.09,23.3903,0
642.5,1590.9,1399.65,554.22,2388.03,9092.68,47.29,522.08,2388.02,8170.34,8.4106,392,38.94,23.4015,0
642.39,1587.85,1402.3,554.66,2388.07,9090.0,47.47,521.77,2388.05,8165.03,8.415,391,38.82,23.3566,0
642.15,1591.47,1409.15,554.02,2388.02,9088.39,47.43,521.71,2388.02,8162.18,8.4128,393,39.07,23.3123,0
642.34,1585.16,1402.53,553.96,2387.98,9087.19,47.32,522.36,2388.02,8163.71,8.4043,392,39.06,23.3019,0
642.5,1580.16,1406.16,553.78,2387.99,9087.81,47.35,521.97,2387.97,8164.66,8.4142,392,38.81,23.2894,0
642.21,1585.8,1394.37,554.3,2387.99,9095.35,47.36,521.65,2388.01,8172.29,8.4349,393,38.99,23.4394,0
642.23,1590.29,1402.01,553.58,2387.99,9093.95,47.48,522.02,2388.03,8174.05,8.4146,392,38.87,23.3218,0
642.02,1588.04,1400.15,553.3,2388.02,9093.42,47.4,522.06,2387.99,8169.08,8.414,395,38.95,23.3074,0
642.38,1586.36,1406.56,553.14,2387.99,9085.86,47.32,521.78,2388.04,8168.7,8.4609,391,38.83,23.3914,0
642.4,1595.14,1398.12,553.57,2388.05,9090.54,47.31,521.76,2388.01,8173.33,8.4014,393,38.73,23.3819,0
642.52,1587.43,1405.89,554.03,2388.07,9091.21,47.32,521.52,2387.99,8168.1,8.4439,393,38.9,23.3775,0
642.67,1589.04,1395.03,553.72,2388.02,9093.68,47.33,521.54,2388.03,8169.96,8.4363,392,38.88,23.3705,0
642.28,1590.71,1405.13,553.6,2388.02,9096.87,47.28,522.18,2387.99,8178.99,8.4452,393,38.95,23.2774,0
641.95,1590.87,1400.54,554.11,2388.03,9089.54,47.41,521.81,2388.03,8179.51,8.452,392,39.09,23.2743,0
642.92,1588.44,1401.51,553.73,2388.0,9100.27,47.51,522.04,2388.05,8176.26,8.4183,392,38.84,23.3618,0
642.53,1588.27,1406.95,553.98,2388.03,9096.87,47.32,522.42,2387.98,8175.9,8.4056,392,38.94,23.4385,0
643.0,1591.31,1408.13,553.43,2388.07,9096.5,47.49,521.97,2388.05,8182.84,8.4023,392,38.93,23.2865,0
642.56,1591.63,1408.54,553.13,2388.02,9098.37,47.46,521.75,2387.98,8179.42,8.4317,394,38.84,23.4153,0
642.15,1590.95,1402.43,554.07,2388.06,9104.01,47.42,522.11,2388.05,8180.08,8.4617,393,38.85,23.238,0
642.18,1590.38,1406.88,553.44,2388.01,9109.01,47.54,522.09,2388.06,8185.27,8.4442,392,38.96,23.3376,0
642.53,1587.2,1410.05,554.56,2388.02,9099.8,47.48,521.64,2388.05,8182.26,8.4394,395,38.77,23.2203,0
642.35,1599.09,1406.3,553.48,2388.05,9105.0,47.39,522.01,2388.02,8186.2,8.4451,394,38.91,23.3701,0
642.57,1593.9,1402.03,554.02,2388.0,9105.99,47.45,521.91,2388.01,8182.63,8.4396,393,38.83,23.3569,0
642.67,1585.22,1406.39,553.98,2387.99,9108.36,47.36,522.31,2388.0,8185.06,8.4457,393,38.84,23.3503,0
642.71,1591.91,1402.23,553.88,2388.04,9104.91,47.38,521.62,2388.0,8184.57,8.4783,393,38.82,23.2362,0
642.58,1598.53,1403.95,553.87,2388.02,9107.92,47.57,522.41,2388.02,8187.08,8.4227,392,38.98,23.3113,0
642.7,1594.44,1400.76,553.8,2388.05,9106.22,47.39,521.7,2388.01,8186.77,8.4365,392,38.7,23.345,0
642.75,1589.77,1402.01,553.94,2388.01,9117.76,47.5,521.69,2388.07,8186.91,8.4114,393,38.89,23.2796,0
642.24,1592.89,1402.76,553.47,2388.08,9117.35,47.44,521.82,2388.01,8186.66,8.4129,395,38.82,23.4058,0
642.89,1592.23,1405.19,553.67,2387.99,9114.24,47.42,521.66,2387.96,8186.47,8.4571,394,38.94,23.3449,0
642.7,1589.03,1406.07,553.74,2387.98,9113.9,47.38,522.21,2388.06,8188.65,8.4168,393,38.93,23.332,0
642.78,1595.33,1402.31,553.28,2388.06,9114.75,47.22,521.93,2388.02,8194.04,8.4197,394,38.91,23.3807,0
642.75,1590.84,1406.16,552.73,2388.04,9125.18,47.54,521.47,2388.1,8196.06,8.4649,395,38.92,23.3872,0
642.55,1591.88,1408.94,553.5,2388.04,9117.67,47.56,521.46,2388.03,8192.49,8.4605,394,38.64,23.201,0
642.51,1593.21,1409.49,553.35,2387.99,9117.81,47.49,521.47,2387.98,8195.51,8.4463,393,38.88,23.2373,0
642.59,1596.35,1413.19,554.27,2388.05,9130.01,47.67,521.43,2388.02,8192.4,8.4252,393,38.83,23.2935,0
642.72,1595.45,1407.46,553.82,2388.03,9125.02,47.63,521.74,2388.07,8203.31,8.4283,393,39.0,23.3297,0
642.24,1587.01,1402.65,553.18,2388.04,9126.91,47.47,521.57,2387.99,8200.78,8.4367,394,38.69,23.2622,0
642.48,1590.33,1416.04,553.31,2388.0,9129.1,47.48,521.84,2388.06,8195.48,8.4313,395,38.81,23.2523,0
642.15,1594.84,1406.61,552.97,2388.03,9125.29,47.55,521.79,2388.01,8200.41,8.4775,396,38.78,23.2656,0
642.44,1592.11,1408.93,553.62,2388.06,9130.21,47.44,521.57,2388.02,8200.25,8.4579,395,38.79,23.4036,0
643.16,1596.79,1406.73,553.49,2388.03,9132.19,47.42,521.81,2388.02,8196.51,8.4461,395,38.82,23.2498,0
642.74,1592.03,1407.11,553.41,2388.06,9127.77,47.61,521.78,2388.05,8204.46,8.4811,393,38.76,23.2609,0
643.33,1584.48,1411.82,553.23,2388.05,9128.9,47.49,521.34,2388.03,8201.1,8.4755,392,38.72,23.2981,0
642.86,1594.21,1407.05,553.68,2388.05,9129.03,47.51,521.3,2388.04,8207.87,8.4659,394,38.66,23.2846,0
642.99,1592.53,1415.32,553.68,2388.07,9134.24,47.47,521.57,2388.04,8211.99,8.4927,393,38.84,23.2264,0
642.32,1597.43,1411.04,553.02,2388.04,9141.55,47.67,521.17,2387.98,8212.66,8.4653,394,38.91,23.2087,0
643.13,1594.44,1411.4,552.84,2388.06,9142.86,47.5,521.24,2388.09,8216.43,8.4496,395,38.76,23.2431,0
643.21,1589.96,1416.87,552.71,2388.04,9132.56,47.59,521.62,2388.03,8217.13,8.4684,396,38.79,23.3117,0
642.62,1591.46,1409.26,553.45,2388.03,9143.57,47.43,520.64,2388.06,8211.34,8.4535,395,38.65,23.2538,0
642.98,1596.83,1414.92,553.01,2388.06,9153.59,47.5,521.42,2388.01,8211.55,8.4598,394,38.77,23.1368,0
642.87,1595.66,1416.32,553.72,2388.07,9153.17,47.79,520.99,2388.05,8221.71,8.4627,393,38.8,23.274,0
643.1,1600.81,1415.55,552.52,2388.02,9154.05,47.7,521.33,2388.08,8226.4,8.4591,394,38.69,23.3197,0
642.74,1584.78,1424.99,553.27,2388.07,9152.17,47.79,521.46,2387.99,8220.61,8.4678,394,38.65,23.2786,0
643.45,1594.21,1410.0,554.06,2388.04,9158.53,47.77,521.17,2388.08,8227.41,8.444,395,38.54,23.2994,0
643.08,1591.05,1417.7,553.06,2388.06,9166.96,47.64,521.58,2388.05,8224.08,8.4818,395,38.64,23.1821,0
643.4,1593.76,1412.87,552.71,2388.15,9165.02,47.87,521.1,2388.03,8229.31,8.4651,394,38.65,23.1941,0
643.16,1596.05,1413.79,552.81,2388.08,9164.67,47.83,520.43,2388.03,8237.0,8.4809,395,38.66,23.1147,0
643.09,1596.96,1416.27,553.99,2388.08,9167.14,47.62,521.11,2388.1,8233.55,8.4522,396,38.85,23.212,0
642.83,1597.94,1418.42,552.71,2388.12,9179.12,47.66,521.17,2388.04,8236.36,8.4965,395,38.96,23.1683,0
643.51,1591.09,1418.2,553.4,2388.07,9175.36,47.78,521.21,2388.08,8239.24,8.4886,395,38.53,23.1286,0
643.19,1592.24,1417.94,553.05,2388.06,9174.31,47.66,521.0,2388.08,8238.54,8.4873,395,38.65,23.2985,0
642.65,1594.92,1414.82,552.75,2388.03,9175.16,47.73,520.86,2388.05,8242.47,8.4732,395,38.69,23.1436,0
643.27,1605.04,1419.07,552.89,2388.09,9185.64,47.83,521.23,2388.08,8245.46,8.4866,395,38.45,23.2067,0
643.22,1605.12,1412.48,552.56,2388.08,9185.22,47.94,520.93,2388.06,8248.19,8.4987,394,38.82,23.1381,0
643.08,1590.92,1426.12,552.41,2388.15,9188.26,47.69,520.94,2388.07,8253.41,8.499,396,38.62,23.0319,1
643.21,1604.24,1423.73,552.53,2388.07,9201.99,47.79,521.25,2388.09,8253.27,8.4982,396,38.67,23.1033,1
643.31,1592.63,1423.81,552.69,2388.07,9193.09,47.94,520.58,2388.09,8256.4,8.4914,393,38.57,23.1452,1
643.44,1601.34,1416.05,552.53,2388.08,9204.96,48.07,520.38,2388.1,8261.07,8.4775,397,38.69,23.1276,1
643.27,1602.47,1415.91,552.45,2388.07,9211.23,47.99,520.47,2388.11,8268.39,8.5021,396,38.56,23.2241,1
643.69,1606.39,1422.9,552.72,2388.14,9210.36,47.94,520.42,2388.12,8267.54,8.4834,397,38.46,23.2072,1
643.81,1604.36,1428.61,552.49,2388.12,9214.76,47.95,520.78,2388.05,8269.27,8.5187,396,38.66,23.1217,1
643.19,1605.01,1430.44,551.49,2388.11,9213.46,47.94,520.38,2388.14,8274.65,8.5195,395,38.57,23.0721,1
643.68,1609.75,1419.91,552.63,2388.32,9219.81,48.27,520.24,2388.29,8279.86,8.5275,398,38.43,23.0668,1
643.37,1602.44,1432.71,552.73,2388.46,9226.6,48.09,520.36,2388.49,8288.26,8.5117,398,38.72,23.0834,1
644.11,1606.6,1428.55,551.6,2388.56,9244.59,47.89,520.2,2388.54,8293.72,8.5306,397,38.39,23.0958,2
642.67,1587.47,1405.02,553.94,2388.11,9049.17,47.5,521.23,2388.08,8130.94,8.3885,394,38.77,23.3636,0
642.48,1593.3,1413.05,554.11,2388.1,9047.76,47.46,521.75,2388.06,8129.41,8.4687,392,39.02,23.2396,0
642.54,1587.35,1407.83,554.11,2388.08,9050.85,47.61,521.25,2388.07,8128.58,8.4006,393,38.85,23.3873,0
643.11,1579.1,1406.11,554.27,2388.11,9047.38,47.29,521.11,2388.15,8123.91,8.4665,393,38.83,23.3497,0
642.71,1573.75,1407.56,553.9,2388.09,9054.59,47.33,521.49,2388.1,8130.27,8.4556,394,38.97,23.4487,0
642.49,1587.19,1401.13,553.98,2388.1,9038.36,47.41,521.27,2388.07,8126.2,8.4286,392,38.96,23.2617,0
643.3,1592.37,1399.82,553.4,2388.05,9045.55,47.39,521.61,2388.15,8127.98,8.4051,393,38.91,23.282,0
642.53,1587.08,1406.6,553.14,2388.11,9053.94,47.41,522.14,2388.07,8127.94,8.4552,395,38.77,23.287,0
642.85,1589.17,1415.36,553.45,2388.05,9046.16,47.58,521.61,2388.05,8127.31,8.421,392,38.85,23.321,0
642.87,1591.95,1408.29,553.55,2388.11,9048.65,47.53,521.53,2388.12,8133.98,8.4214,392,38.9,23.3184,0
642.65,1579.6,1415.0,553.23,2388.04,9043.07,47.4,521.22,2388.12,8130.41,8.404,393,38.83,23.3505,0
642.82,1595.83,1400.51,553.76,2388.09,9052.35,47.4,521.98,2388.16,8124.64,8.3991,393,38.7,23.2869,0
642.19,1583.7,1400.17,553.56,2388.07,9053.27,47.34,521.98,2388.11,8128.76,8.4204,394,38.84,23.1843,0
642.75,1594.47,1408.49,553.53,2388.13,9048.91,47.46,521.53,2388.08,8128.24,8.4527,393,39.13,23.3208,0
641.93,1589.33,1400.21,553.64,2388.09,9046.61,47.41,521.48,2388.04,8136.24,8.3959,392,38.88,23.3944,0
642.86,1589.64,1406.02,553.55,2388.14,9042.53,47.46,521.59,2388.12,8124.18,8.451,392,38.81,23.3576,0
642.75,1591.46,1403.28,553.83,2388.11,9044.08,47.51,521.82,2388.1,8128.5,8.4333,392,38.68,23.2854,0
642.91,1595.55,1407.97,553.65,2388.13,9052.0,47.33,521.56,2388.09,8127.35,8.4708,392,38.79,23.2752,0
642.32,1590.09,1404.1,553.53,2388.09,9053.31,47.56,521.68,2388.09,8127.82,8.4138,393,38.8,23.2662,0
642.93,1587.17,1400.51,553.65,2388.06,9050.9,47.31,521.09,2388.13,8126.24,8.43,393,38.85,23.2657,0
642.28,1589.67,1409.16,553.61,2388.09,9048.48,47.49,521.34,2388.14,8124.98,8.4441,394,38.99,23.3216,0
642.64,1588.46,1401.3,554.14,2388.09,9050.7,47.3,521.39,2388.16,8132.33,8.4221,392,39.06,23.2732,0
642.63,1587.5,1405.12,553.59,2388.12,9037.07,47.56,520.92,2388.15,8124.28,8.4432,393,38.84,23.3642,0
642.34,1593.9,1399.81,554.3,2388.13,9043.7,47.47,521.64,2388.13,8134.01,8.4196,393,38.9,23.4299,0
642.0,1585.47,1403.01,554.52,2388.06,9053.43,47.41,521.2,2388.09,8132.22,8.4428,392,38.87,23.4114,0
642.5,1591.04,1407.07,553.67,2388.09,9047.13,47.46,521.57,2388.11,8129.57,8.4351,392,38.76,23.3168,0
642.72,1593.13,1406.78,552.58,2388.06,9051.68,47.55,521.55,2388.04,8126.72,8.426,395,38.86,23.2791,0
642.76,1581.04,1411.7,553.67,2388.14,9048.86,47.28,522.3,2388.1,8132.23,8.413,391,38.97,23.3864,0
642.15,1582.21,1406.01,553.58,2388.06,9046.07,47.64,521.62,2388.11,8126.76,8.4118,393,38.86,23.2453,0
642.42,1587.37,1398.15,553.37,2388.08,9046.63,47.56,521.41,2388.14,8134.0,8.4636,393,38.92,23.2807,0
642.44,1583.62,1401.4,553.47,2388.12,9049.11,47.47,521.27,2388.09,8130.66,8.4219,392,38.95,23.2019,0
642.48,1591.17,1407.6,553.58,2388.16,9048.56,47.53,522.11,2388.12,8131.31,8.4433,393,38.83,23.2381,0
642.3,1586.39,1402.3,553.92,2388.1,9044.14,47.41,521.62,2388.12,8128.41,8.4339,393,38.91,23.2628,0
642.68,1584.03,1403.42,553.72,2388.09,9048.74,47.47,521.43,2388.17,8129.01,8.4462,393,38.81,23.3559,0
642.3,1587.16,1410.37,553.07,2388.12,9048.53,47.55,521.89,2388.12,8125.8,8.4273,392,38.81,23.3821,0
642.75,1588.34,1404.1,554.01,2388.07,9047.99,47.52,521.17,2388.12,8132.08,8.4144,392,38.76,23.2153,0
642.79,1587.64,1412.72,553.18,2388.12,9044.53,47.39,522.3,2388.08,8131.04,8.4491,393,38.92,23.3225,0
642.56,1588.22,1406.96,553.71,2388.14,9054.8,47.58,520.71,2388.06,8129.12,8.4324,393,38.81,23.3561,0
642.15,1582.64,1403.74,553.35,2388.11,9045.83,47.6,521.49,2388.12,8127.17,8.4331,391,38.78,23.3035,0
642.62,1586.68,1402.29,553.48,2388.11,9048.8,47.45,521.46,2388.07,8133.08,8.4387,393,38.97,23.3361,0
642.29,1587.24,1414.94,552.88,2388.14,9055.36,47.46,521.24,2388.08,8131.07,8.3995,394,38.88,23.363,0
641.93,1592.62,1412.38,553.53,2388.09,9045.42,47.63,521.55,2388.1,8128.58,8.4463,392,38.92,23.2624,0
642.09,1586.98,1404.83,554.4,2388.04,9059.13,47.5,521.53,2388.1,8128.29,8.4245,393,38.85,23.322,0
642.68,1585.75,1408.5,553.68,2388.07,9049.2,47.51,521.47,2388.09,8128.94,8.4103,393,38.94,23.4136,0
642.33,1592.62,1402.0,553.46,2388.12,9050.33,47.31,521.08,2388.09,8132.4,8.4321,393,38.93,23.2351,0
642.89,1593.78,1405.45,554.42,2388.1,9046.43,47.49,521.81,2388.06,8125.07,8.4433,393,38.75,23.3052,0
642.11,1597.61,1407.16,553.63,2388.06,9048.32,47.65,521.11,2388.12,8128.17,8.4231,393,38.88,23.2489,0
642.22,1593.27,1408.39,553.05,2388.1,9048.79,47.46,521.8,2388.11,8133.78,8.424,391,38.65,23.3486,0
642.54,1588.04,1407.32,553.44,2388.1,9053.49,47.38,521.26,2388.18,8129.31,8.4433,393,38.84,23.2384,0
642.39,1582.07,1396.32,553.21,2388.07,9049.35,47.48,521.62,2388.07,8128.43,8.4631,393,38.86,23.2804,0
642.63,1590.51,1415.31,553.71,2388.09,9053.85,47.56,521.89,2388.06,8127.92,8.4239,392,38.87,23.2467,0
642.62,1589.22,1404.05,552.85,2388.09,9049.73,47.52,521.51,2388.09,8127.7,8.4449,393,38.99,23.2494,0
642.58,1587.35,1407.15,553.15,2388.1,9053.45,47.57,521.73,2388.12,8123.13,8.396,393,38.82,23.2749,0
642.13,1587.43,1407.18,553.7,2388.14,9045.97,47.57,521.57,2388.12,8129.51,8.458,392,38.89,23.3206,0
642.87,1584.3,1411.08,554.29,2388.09,9044.02,47.42,521.19,2388.07,8130.67,8.4088,394,38.87,23.3254,0
642.16,1590.39,1402.64,553.97,2388.14,9052.22,47.48,521.34,2388.13,8128.86,8.4324,393,38.95,23.2723,0
643.35,1589.99,1406.79,552.78,2388.1,9046.43,47.42,521.69,2388.08,8128.55,8.4353,393,38.95,23.3532,0
642.06,1593.26,1407.55,553.42,2388.08,9056.33,47.45,521.51,2388.11,8126.71,8.4123,394,38.8,23.2945,0
642.72,1590.37,1412.24,554.27,2388.12,9054.8,47.36,521.28,2388.11,8129.77,8.4226,394,38.91,23.2569,0
642.49,1591.51,1400.71,553.9,2388.15,9050.7,47.57,521.42,2388.07,8131.96,8.4092,393,38.9,23.3439,0
642.78,1586.24,1412.88,554.15,2388.09,9042.13,47.5,521.55,2388.12,8131.34,8.4374,393,39.03,23.2286,0
643.05,1586.66,1404.95,554.03,2388.07,9046.95,47.59,521.71,2388.16,8131.61,8.4269,393,38.82,23.3311,0
642.76,1585.3,1413.44,553.78,2388.09,9048.46,47.4,521.83,2388.13,8127.79,8.4428,392,38.62,23.298,0
642.83,1579.29,1402.11,553.4,2388.12,9051.11,47.39,521.58,2388.12,8132.45,8.4153,393,39.03,23.1934,0
642.17,1583.69,1406.45,553.7,2388.11,9049.69,47.38,521.32,2388.08,8135.55,8.3958,391,38.78,23.3307,0
642.88,1585.93,1409.01,554.01,2388.1,9045.3,47.6,521.36,2388.1,8126.94,8.4136,393,38.76,23.2017,0
642.5,1589.89,1406.28,552.84,2388.1,9046.96,47.51,521.18,2388.11,8128.38,8.4231,393,38.6,23.3284,0
642.68,1588.8,1405.12,553.32,2388.1,9048.91,47.57,521.45,2388.05,8134.61,8.421,392,38.91,23.3223,0
642.76,1588.36,1415.39,553.22,2388.06,9048.34,47.51,521.28,2388.13,8127.74,8.4168,392,38.8,23.2898,0
642.78,1588.81,1404.38,553.86,2388.15,9047.29,47.49,521.38,2388.13,8128.42,8.4647,394,38.82,23.4265,0
642.94,1591.37,1410.53,553.7,2388.09,9050.1,47.6,521.54,2388.15,8131.43,8.4367,393,38.82,23.2826,0
642.91,1597.59,1404.4,553.1,2388.15,9055.1,47.5,522.11,2388.1,8130.97,8.4441,394,38.88,23.3763,0
642.47,1590.49,1411.08,553.13,2388.08,9046.28,47.47,522.02,2388.08,8129.04,8.4256,393,38.75,23.1729,0
642.17,1588.47,1412.03,553.46,2388.13,9051.95,47.51,521.92,2388.07,8125.14,8.4633,393,38.81,23.2723,0
642.61,1589.82,1410.02,553.76,2388.18,9046.57,47.53,521.74,2388.1,8125.85,8.403,392,38.84,23.3106,0
642.67,1592.31,1404.84,553.72,2388.09,9051.34,47.28,521.14,2388.14,8132.96,8.4197,391,38.83,23.3133,0
642.56,1589.75,1408.71,553.89,2388.13,9049.56,47.46,521.5,2388.08,8131.86,8.4274,392,38.65,23.193,0
642.24,1589.66,1408.33,553.75,2388.15,9052.0,47.42,521.69,2388.1,8131.69,8.4524,394,38.92,23.3116,0
642.45,1586.88,1408.91,554.04,2388.12,9053.94,47.42,521.39,2388.13,8129.22,8.3995,393,38.91,23.3821,0
642.78,1586.86,1398.7,554.21,2388.12,9051.01,47.61,521.68,2388.16,8134.03,8.4292,392,38.95,23.4558,0
642.92,1587.84,1403.66,552.71,2388.07,9056.3,47.36,521.36,2388.14,8131.12,8.4112,393,38.98,23.4768,0
642.87,1590.25,1405.31,553.41,2388.05,9044.12,47.5,520.91,2388.09,8127.97,8.4283,393,38.82,23.199,0
642.62,1598.7,1398.01,553.49,2388.12,9051.03,47.58,521.73,2388.15,8134.55,8.4276,393,39.04,23.2953,0
642.73,1589.53,1407.69,553.25,2388.16,9057.67,47.5,521.1,2388.13,8130.71,8.4107,393,38.92,23.3113,0
642.65,1589.74,1411.96,553.68,2388.04,9053.73,47.51,521.36,2388.09,8125.35,8.4754,394,38.81,23.2851,0
642.23,1589.89,1409.25,553.41,2388.13,9055.32,47.47,521.24,2388.1,8132.64,8.4327,394,38.79,23.2345,0
643.47,1586.99,1400.07,552.83,2388.12,9047.61,47.48,521.45,2388.13,8134.19,8.4377,395,38.85,23.2169,0
642.02,1588.8,1409.69,553.16,2388.08,9049.95,47.5,521.37,2388.1,8133.43,8.4654,393,38.95,23.1963,0
643.18,1591.26,1413.72,553.6,2388.13,9046.41,47.51,521.55,2388.15,8129.13,8.4446,394,38.82,23.2724,0
642.71,1592.16,1413.49,553.03,2388.12,9045.52,47.54,522.12,2388.07,8130.54,8.4727,391,38.88,23.3463,0
642.41,1587.71,1405.17,553.19,2388.08,9044.87,47.7,521.56,2388.12,8129.8,8.4508,392,38.79,23.2277,0
642.58,1583.64,1417.73,553.7,2388.18,9044.73,47.55,521.44,2388.14,8132.28,8.434,393,38.72,23.2731,0
642.95,1595.82,1413.19,552.97,2388.09,9053.94,47.5,521.34,2388.12,8128.29,8.4377,393,38.8,23.3475,0
642.88,1585.11,1412.76,553.38,2388.11,9057.02,47.58,521.27,2388.12,8131.23,8.4569,393,38.92,23.2296,0
642.72,1590.33,1415.17,553.2,2388.1,9061.18,47.55,521.14,2388.09,8129.0,8.4693,394,38.74,23.2932,0
642.05,1590.72,1409.83,553.76,2388.09,9039.34,47.57,521.46,2388.18,8135.05,8.4686,396,39.11,23.2168,0
642.96,1595.02,1404.83,553.23,2388.07,9047.93,47.46,521.08,2388.1,8133.98,8.4187,395,38.66,23.2764,0
643.14,1587.96,1407.8,553.62,2388.12,9049.41,47.69,521.27,2388.08,8131.41,8.4496,393,38.9,23.2315,0
643.0,1591.02,1411.01,553.51,2388.11,9054.78,47.51,521.38,2388.13,8134.16,8.4288,392,38.97,23.3249,0
643.26,1593.08,1405.72,552.77,2388.18,9059.15,47.42,521.27,2388.1,8130.16,8.4548,393,38.99,23.2991,0
642.54,1595.29,1410.98,552.67,2388.12,9050.77,47.73,521.5,2388.1,8131.53,8.4076,392,38.91,23.3376,0
642.82,1587.71,1407.87,553.81,2388.08,9049.66,47.3,521.22,2388.13,8131.29,8.4456,393,38.6,23.3391,0
642.91,1587.56,1411.15,552.96,2388.13,9052.33,47.37,521.38,2388.1,8135.01,8.4037,393,38.96,23.2677,0
642.84,1590.26,1414.03,553.2,2388.12,9058.48,47.45,520.92,2388.11,8135.73,8.4408,394,38.93,23.1982,0
642.36,1591.98,1410.27,553.48,2388.1,9059.28,47.51,521.48,2388.13,8133.36,8.4292,391,38.93,23.2901,0
642.72,1590.47,1413.06,553.19,2388.15,9057.19,47.5,521.51,2388.15,8135.95,8.4637,393,38.73,23.2377,0
642.83,1592.05,1412.33,552.84,2388.13,9049.07,47.55,521.35,2388.11,8131.59,8.4649,393,38.69,23.2225,0
642.98,1586.2,1410.0,553.34,2388.17,9057.74,47.46,521.29,2388.12,8139.39,8.4445,394,38.85,23.3553,0
643.2,1599.43,1405.77,553.06,2388.11,9053.58,47.86,521.22,2388.13,8137.59,8.4563,394,38.63,23.2392,0
642.45,1586.18,1415.73,553.17,2388.14,9049.83,47.53,521.2,2388.12,8132.7,8.4502,393,38.77,23.3548,0
642.12,1596.54,1407.86,553.28,2388.15,9045.43,47.73,521.07,2388.2,8129.31,8.4379,393,38.83,23.1978,0
642.98,1591.13,1409.44,553.26,2388.17,9047.25,47.38,521.32,2388.07,8137.72,8.4376,394,38.57,23.274,0
642.36,1587.1,1407.06,553.2,2388.1,9053.66,47.51,521.69,2388.11,8134.71,8.4238,391,38.85,23.2764,0
643.27,1593.46,1410.57,553.43,2388.13,9050.19,47.69,521.58,2388.14,8131.53,8.4535,393,39.05,23.177,0
642.47,1588.83,1409.51,553.28,2388.12,9054.23,47.55,521.32,2388.11,8130.71,8.4213,392,38.87,23.4081,0
642.5,1590.65,1404.05,552.49,2388.12,9058.86,47.47,521.56,2388.1,8134.88,8.429,394,38.89,23.2291,0
642.82,1586.54,1414.02,552.7,2388.15,9058.1,47.72,520.95,2388.07,8136.15,8.4603,393,38.97,23.2899,0
642.84,1592.01,1414.54,553.31,2388.14,9050.27,47.78,520.97,2388.13,8135.72,8.4211,393,38.76,23.2381,0
643.22,1590.49,1410.84,553.13,2388.11,9062.19,47.49,521.36,2388.13,8135.28,8.4368,394,38.75,23.2227,0
642.57,1591.26,1405.49,553.62,2388.16,9059.62,47.51,520.94,2388.1,8133.41,8.4638,393,38.82,23.2786,0
643.11,1594.33,1417.67,553.44,2388.12,9056.15,47.64,521.07,2388.12,8130.16,8.4469,394,38.72,23.2883,0
642.76,1590.9,1411.42,553.34,2388.11,9053.81,47.64,521.2,2388.1,8136.35,8.4444,393,38.64,23.3309,0
642.54,1592.51,1411.96,552.24,2388.14,9050.13,47.62,521.49,2388.11,8138.2,8.4599,391,38.78,23.2854,0
642.82,1588.69,1411.46,552.51,2388.12,9046.88,47.63,520.91,2388.05,8132.59,8.4331,393,38.9,23.2584,0
642.56,1587.06,1406.86,552.47,2388.17,9058.53,47.49,521.14,2388.14,8138.02,8.4084,394,38.87,23.3494,0
642.75,1585.99,1409.25,553.24,2388.12,9063.07,47.57,520.98,2388.14,8132.09,8.438,395,38.67,23.2946,0
643.27,1588.16,1412.67,553.15,2388.07,9055.69,47.69,521.06,2388.15,8130.29,8.4396,393,38.73,23.2936,0
642.47,1587.97,1405.51,552.71,2388.16,9062.8,47.62,521.48,2388.16,8133.79,8.4809,394,38.82,23.2743,0
642.8,1598.13,1409.68,553.39,2388.11,9050.95,47.62,521.64,2388.11,8135.39,8.478,393,39.02,23.2983,0
643.03,1591.24,1417.01,552.43,2388.14,9051.57,47.73,521.05,2388.14,8135.74,8.4469,393,38.86,23.2652,0
643.07,1581.96,1409.84,553.18,2388.13,9056.83,47.65,521.13,2388.08,8132.54,8.4246,393,38.79,23.1701,0
643.34,1599.6,1411.93,553.29,2388.15,9062.84,47.47,521.51,2388.13,8136.05,8.4721,395,38.74,23.2078,0
642.98,1591.52,1413.26,553.35,2388.13,9062.89,47.61,521.83,2388.12,8135.05,8.466,393,38.74,23.2915,0
642.48,1592.64,1410.83,553.07,2388.15,9054.61,47.56,521.54,2388.13,8137.17,8.4442,395,38.69,23.2332,0
642.82,1593.76,1409.6,553.16,2388.09,9053.17,47.78,521.58,2388.14,8134.08,8.4818,395,38.57,23.3283,0
643.05,1591.96,1414.84,553.48,2388.11,9062.24,47.61,520.92,2388.16,8137.37,8.4585,394,38.64,23.2451,0
642.58,1593.7,1408.4,553.65,2388.14,9062.53,47.66,521.35,2388.14,8133.05,8.4476,393,38.63,23.3863,0
642.34,1592.09,1409.56,552.96,2388.17,9059.42,47.65,521.16,2388.16,8135.41,8.457,394,38.83,23.3225,0
642.63,1589.8,1411.99,552.84,2388.16,9061.32,47.56,520.64,2388.15,8135.95,8.427,394,39.01,23.2312,0
642.71,1598.93,1414.82,553.53,2388.15,9058.68,47.66,520.71,2388.13,8138.5,8.4724,393,38.67,23.322,0
642.58,1592.66,1413.82,552.52,2388.12,9064.0,47.6,521.45,2388.18,8135.42,8.4679,393,38.82,23.1906,0
643.19,1594.68,1411.24,553.56,2388.1,9068.47,47.37,520.87,2388.16,8144.5,8.4719,392,38.86,23.3787,0
642.67,1593.13,1418.87,553.6,2388.2,9062.24,47.55,521.06,2388.15,8138.63,8.4492,394,38.71,23.258,0
642.89,1595.02,1411.02,552.16,2388.17,9056.07,47.63,521.34,2388.14,8138.85,8.4617,394,38.62,23.1748,0
642.67,1592.52,1412.77,553.08,2388.14,9056.73,47.81,520.83,2388.08,8144.12,8.4729,393,38.74,23.2311,0
642.91,1586.34,1411.8,552.73,2388.05,9062.84,47.58,520.79,2388.09,8144.88,8.4286,394,38.79,23.3156,0
642.64,1589.85,1410.59,553.24,2388.1,9062.12,47.67,520.65,2388.09,8139.0,8.4462,394,38.69,23.3281,0
643.06,1589.94,1411.38,552.61,2388.18,9061.25,47.5,521.58,2388.14,8144.0,8.4424,393,38.8,23.2173,0
643.1,1597.46,1412.59,552.46,2388.11,9065.33,47.66,521.07,2388.15,8140.04,8.4449,393,38.61,23.2354,0
642.86,1587.21,1410.52,553.08,2388.14,9064.53,47.74,521.16,2388.14,8141.62,8.4198,394,38.5,23.2163,0
643.25,1599.24,1421.93,553.16,2388.11,9068.19,47.59,520.44,2388.13,8139.76,8.425,393,38.74,23.2025,0
642.92,1597.08,1415.88,552.89,2388.13,9062.31,47.56,520.96,2388.08,8150.21,8.4487,395,38.78,23.3239,0
643.52,1602.62,1414.51,552.99,2388.2,9061.1,47.77,521.56,2388.11,8144.07,8.4888,395,38.76,23.1736,0
642.68,1593.19,1417.98,552.73,2388.11,9062.79,47.88,521.68,2388.13,8140.75,8.5054,396,38.89,23.2422,0
643.17,1591.52,1405.97,552.4,2388.12,9058.23,47.86,520.93,2388.17,8143.44,8.44,394,38.71,23.1354,0
642.92,1594.75,1405.02,552.43,2388.07,9059.36,47.55,520.29,2388.14,8143.39,8.4547,394,38.65,23.1323,0
643.59,1593.04,1421.13,552.25,2388.13,9060.41,47.77,520.83,2388.17,8145.35,8.4328,393,38.81,23.2434,0
643.04,1599.19,1413.08,553.29,2388.17,9064.19,47.75,521.1,2388.12,8149.46,8.4422,393,38.71,23.234,0
642.77,1597.74,1410.01,552.59,2388.08,9065.09,47.6,520.87,2388.12,8141.25,8.4239,395,38.72,23.2812,0
642.83,1595.43,1416.51,552.86,2388.16,9068.6,47.81,521.13,2388.18,8140.08,8.4704,394,38.68,23.1648,0
642.85,1602.13,1409.66,552.45,2388.08,9062.48,47.93,520.85,2388.09,8143.68,8.4812,394,38.55,23.1504,0
642.92,1589.5,1420.77,552.34,2388.1,9067.91,47.98,520.76,2388.12,8145.38,8.4683,394,38.72,23.1752,0
643.27,1591.84,1416.92,552.59,2388.17,9060.25,47.72,521.05,2388.18,8140.23,8.4864,395,38.79,23.29,0
642.85,1599.89,1412.93,552.25,2388.18,9073.74,47.63,520.55,2388.2,8146.88,8.4606,395,38.79,23.2388,0
642.9,1598.95,1421.65,552.45,2388.13,9071.73,47.6,521.04,2388.19,8144.48,8.4873,396,38.68,23.3064,0
643.06,1591.63,1414.52,552.9,2388.1,9061.89,47.71,520.79,2388.15,8150.02,8.4887,395,38.85,23.2368,0
643.02,1588.04,1416.78,552.15,2388.19,9070.41,47.73,520.89,2388.15,8141.2,8.4487,393,38.94,23.2748,0
643.08,1589.96,1416.07,552.86,2388.17,9073.53,47.79,520.71,2388.2,8149.53,8.5078,395,38.53,23.2076,0
643.72,1597.26,1422.21,552.41,2388.19,9070.97,47.99,520.95,2388.17,8151.65,8.4976,396,38.72,23.2619,0
643.21,1599.29,1417.16,552.72,2388.13,9060.68,47.79,520.67,2388.15,8145.94,8.4597,396,38.52,23.1227,0
642.84,1597.16,1419.2,552.3,2388.17,9073.47,47.72,520.41,2388.1,8146.44,8.4496,395,38.76,23.202,0
642.64,1593.68,1416.86,552.53,2388.16,9076.96,47.87,521.03,2388.13,8148.56,8.4659,395,38.53,23.2777,0
643.04,1599.44,1421.29,551.73,2388.14,9074.19,47.68,520.74,2388.15,8153.55,8.476,396,38.64,23.197,0
642.72,1599.19,1418.2,552.35,2388.16,9070.26,47.76,520.9,2388.13,8148.47,8.4869,396,38.61,23.1571,0
643.51,1595.08,1415.89,552.37,2388.15,9072.4,48.08,520.8,2388.13,8152.76,8.4785,395,38.57,23.1028,0
643.3,1590.24,1420.21,551.9,2388.22,9075.38,47.77,520.15,2388.16,8149.52,8.4699,394,38.41,23.2056,0
643.39,1597.72,1420.81,552.49,2388.17,9083.84,47.93,520.73,2388.17,8147.19,8.4694,395,38.78,23.1531,0
643.07,1597.72,1419.6,552.29,2388.13,9074.33,47.98,520.26,2388.14,8150.74,8.4853,395,38.56,23.2675,0
642.91,1600.76,1421.94,552.57,2388.15,9083.83,47.83,520.68,2388.17,8157.56,8.4725,395,38.69,23.2613,0
643.5,1593.73,1427.7,552.05,2388.09,9082.72,47.89,519.84,2388.16,8155.56,8.4558,395,38.75,23.1657,0
643.07,1595.19,1417.96,552.06,2388.17,9073.26,47.78,520.76,2388.15,8151.94,8.4598,396,38.69,23.1682,0
643.59,1595.18,1426.6,552.48,2388.15,9079.29,47.68,520.31,2388.17,8151.9,8.4869,396,38.62,23.2242,0
643.4,1597.72,1419.4,552.5,2388.2,9087.0,47.89,520.19,2388.16,8160.0,8.4885,396,38.51,23.2271,0
642.88,1597.34,1418.47,552.02,2388.16,9082.49,47.89,520.45,2388.16,8156.61,8.4916,395,38.56,22.9558,0
642.99,1596.16,1420.03,551.94,2388.15,9075.93,47.92,520.17,2388.2,8158.25,8.5048,394,38.6,23.1838,0
643.61,1601.25,1418.5,552.26,2388.21,9084.9,48.01,520.48,2388.19,8155.49,8.5045,396,38.54,23.0806,0
643.07,1600.19,1429.4,552.75,2388.12,9086.07,47.95,520.28,2388.12,8159.02,8.5037,395,38.55,23.1362,0
643.12,1594.41,1422.58,552.9,2388.19,9086.99,47.98,520.52,2388.15,8159.58,8.5184,393,38.57,22.9463,0
642.77,1605.53,1414.96,551.95,2388.24,9089.2,47.95,520.29,2388.18,8160.68,8.4582,395,38.44,23.1681,0
643.13,1594.22,1415.87,552.07,2388.23,9089.03,48.03,520.47,2388.14,8157.73,8.5057,394,38.56,23.1194,0
643.6,1595.77,1423.39,552.43,2388.16,9086.56,47.75,520.69,2388.17,8159.97,8.4942,395,38.62,23.1696,0
643.56,1598.38,1419.94,551.9,2388.2,9092.3,48.0,520.39,2388.19,8157.52,8.5209,397,38.49,23.1281,0
643.33,1606.89,1434.14,551.59,2388.21,9096.11,47.93,520.03,2388.17,8162.13,8.4934,395,38.57,23.1583,0
643.2,1597.44,1416.68,551.88,2388.18,9082.86,47.95,520.22,2388.18,8163.79,8.464,396,38.32,23.1389,0
